0.5684 0.5955 0.5042 0.5326 0.2814 0.2428 0.2893 0.2931 1.4316 0.9678 0.8761 0.8007 0.6037 0.5406 0.6120 0.6538 -1
0.5684 0.5725 0.5605 0.5839 0.2812 0.2303 0.2648 0.3613 1.4316 0.9448 0.9324 0.8520 0.6035 0.5282 0.5876 0.7220 -1
-0.4316 0.4575 0.4478 0.5583 0.2198 0.2519 0.1504 0.1587 0.4316 0.8298 0.8198 0.8263 0.5421 0.5498 0.4732 0.5193 -1
-0.4316 0.3081 0.2507 0.4814 0.0933 0.1108 0.0869 0.0624 0.4316 0.6804 0.6226 0.7494 0.4156 0.4087 0.4097 0.4231 -1
-0.4316 0.4805 0.4478 0.6608 0.2225 0.1942 0.2345 0.2369 0.4316 0.8528 0.8198 0.9289 0.5448 0.4921 0.5573 0.5976 -1
-0.4316 0.1472 0.1661 0.4301 -0.0093 -0.0253 0.0048 0.0303 0.4316 0.5195 0.5381 0.6981 0.3130 0.2726 0.3276 0.3910 -1
-0.4316 0.8139 0.8140 0.7378 0.4729 0.4789 0.4838 0.6171 0.4316 1.1861 1.1860 1.0058 0.7952 0.7767 0.8065 0.9777 -1
-0.4316 0.5725 0.6168 0.6865 0.3584 0.2606 0.4124 0.3864 0.4316 0.9448 0.9888 0.9545 0.6808 0.5585 0.7352 0.7470 -1
0.0684 0.2391 0.1943 0.3532 -0.0109 -0.0419 -0.0304 0.0303 0.9316 0.6114 0.5662 0.6212 0.3114 0.2560 0.2924 0.3910 -1
-0.4316 0.3311 0.3633 0.4814 0.0679 0.0448 0.0292 0.1707 0.4316 0.7034 0.7353 0.7494 0.3903 0.3427 0.3520 0.5314 -1
0.5684 0.6299 0.5605 0.6096 0.3496 0.2556 0.4349 0.3743 1.4316 1.0022 0.9324 0.8776 0.6719 0.5535 0.7577 0.7350 -1
0.5684 0.5725 0.5464 0.6352 0.2959 0.2457 0.2707 0.3061 1.4316 0.9448 0.9184 0.9033 0.6182 0.5435 0.5934 0.6668 -1
0.5684 0.5495 0.2084 0.5839 0.2705 0.2162 0.2677 0.2811 1.4316 0.9218 0.5803 0.8520 0.5928 0.5141 0.5905 0.6417 -1
0.5684 0.5035 0.5042 0.5839 0.3145 0.3295 0.2365 0.2600 1.4316 0.8758 0.8761 0.8520 0.6368 0.6274 0.5592 0.6207 -1
0.0684 0.3656 0.3774 0.4557 0.1366 0.1353 0.1729 0.1707 0.9316 0.7379 0.7493 0.7238 0.4589 0.4332 0.4957 0.5314 -1
-0.4316 0.3656 0.2929 0.3788 0.0403 0.0179 0.0498 0.0624 0.4316 0.7379 0.6648 0.6468 0.3626 0.3157 0.3725 0.4231 -1
-0.4316 0.3196 0.2788 0.4814 0.0698 0.0029 0.1309 0.1406 0.4316 0.6919 0.6508 0.7494 0.3921 0.3008 0.4537 0.5013 -1
-0.4316 0.6299 0.6168 0.6096 0.3453 0.2938 0.3205 0.3713 0.4316 1.0022 0.9888 0.8776 0.6676 0.5917 0.6433 0.7320 -1
-0.4316 0.1817 0.1239 0.3275 -0.0247 -0.0340 -0.0411 -0.0299 0.4316 0.5540 0.4958 0.5956 0.2976 0.2639 0.2816 0.3308 -1
0.0684 0.0782 0.0676 0.3275 -0.0601 -0.0556 -0.0656 -0.0600 0.9316 0.4505 0.4395 0.5956 0.2622 0.2423 0.2572 0.3007 -1
-0.4316 0.6414 0.5746 0.5839 0.3886 0.3216 0.4056 0.4114 0.4316 1.0137 0.9465 0.8520 0.7109 0.6195 0.7283 0.7721 -1
0.0684 0.4230 0.3915 0.5070 0.1300 0.0942 0.1035 0.2008 0.9316 0.7953 0.7634 0.7751 0.4523 0.3921 0.4263 0.5615 -1
0.5684 0.4001 0.3352 0.4044 0.1420 0.1714 0.0556 0.1206 1.4316 0.7724 0.7071 0.6725 0.4644 0.4693 0.3784 0.4812 -1
0.0684 0.5035 0.4338 0.4814 0.1323 0.0834 0.1221 0.2008 0.9316 0.8758 0.8057 0.7494 0.4546 0.3813 0.4449 0.5615 -1
0.5684 0.6070 0.6168 0.6608 0.3970 0.3249 0.3772 0.5218 1.4316 0.9793 0.9888 0.9289 0.7193 0.6228 0.7000 0.8824 -1
-0.4316 0.5725 0.5183 0.6096 0.3829 0.3809 0.2365 0.3964 0.4316 0.9448 0.8902 0.8776 0.7052 0.6788 0.5592 0.7571 -1
0.0684 0.4460 0.4197 0.4814 0.1307 0.0855 0.0517 0.2359 0.9316 0.8183 0.7916 0.7494 0.4530 0.3834 0.3745 0.5966 -1
0.5684 0.5610 0.6732 0.6608 0.2902 0.2905 0.1905 0.3132 1.4316 0.9333 1.0451 0.9289 0.6125 0.5884 0.5133 0.6738 -1
0.0684 0.3886 0.2929 0.4814 0.0797 0.0357 0.0840 0.1246 0.9316 0.7609 0.6648 0.7494 0.4020 0.3336 0.4067 0.4852 -1
0.5684 0.5265 0.4760 0.5583 0.3478 0.2540 0.3156 0.3212 1.4316 0.8988 0.8479 0.8263 0.6701 0.5518 0.6384 0.6818 -1
0.5684 0.5955 0.5605 0.5839 0.3503 0.3340 0.2619 0.3192 1.4316 0.9678 0.9324 0.8520 0.6726 0.6319 0.5846 0.6798 -1
-0.4316 0.3541 0.3070 0.4557 0.0997 0.0697 0.0371 0.1868 0.4316 0.7264 0.6789 0.7238 0.4220 0.3676 0.3598 0.5474 -1
0.5684 -0.0252 0.0112 0.3019 -0.1220 -0.1340 -0.1164 -0.1101 1.4316 0.3471 0.3832 0.5699 0.2004 0.1639 0.2064 0.2505 -1
0.5684 0.4230 0.4338 0.4557 0.1735 0.1618 0.0840 0.2209 1.4316 0.7953 0.8057 0.7238 0.4958 0.4597 0.4067 0.5815 -1
0.5684 0.2276 0.2225 0.4044 0.0453 0.0544 0.2247 0.0203 1.4316 0.5999 0.5944 0.6725 0.3676 0.3523 0.5475 0.3809 -1
0.5684 0.4805 0.4619 0.6608 0.2041 0.1498 0.2873 0.1808 1.4316 0.8528 0.8339 0.9289 0.5264 0.4477 0.6101 0.5414 -1
0.0684 0.3311 0.3070 0.4814 0.0983 0.0768 0.0263 0.0905 0.9316 0.7034 0.6789 0.7494 0.4206 0.3747 0.3491 0.4511 -1
-0.4316 0.4805 0.4056 0.5070 0.2146 0.2054 0.2042 0.1597 0.4316 0.8528 0.7775 0.7751 0.5369 0.5033 0.5270 0.5204 -1
-0.4316 0.0782 0.0394 0.2762 -0.0594 -0.0680 -0.0441 -0.0600 0.4316 0.4505 0.4113 0.5443 0.2629 0.2299 0.2787 0.3007 -1
0.0684 0.2047 0.1661 0.3275 -0.0494 -0.0581 -0.0685 -0.0319 0.9316 0.5770 0.5381 0.5956 0.2729 0.2398 0.2542 0.3288 -1
0.5684 0.4230 0.3774 0.5583 0.1783 0.1950 0.1416 0.1336 1.4316 0.7953 0.7493 0.8263 0.5006 0.4929 0.4644 0.4943 -1
0.5684 0.4575 0.4197 0.6865 0.2093 0.1270 0.2277 0.3071 1.4316 0.8298 0.7916 0.9545 0.5317 0.4249 0.5504 0.6678 -1
-0.4316 0.4001 0.2647 0.5583 0.2896 0.2614 0.2589 0.3101 0.4316 0.7724 0.6367 0.8263 0.6119 0.5593 0.5817 0.6708 -1
-0.4316 0.5955 0.5746 0.5326 0.3025 0.2639 0.3010 0.3182 0.4316 0.9678 0.9465 0.8007 0.6248 0.5618 0.6238 0.6788 -1
0.0684 0.1932 0.1802 0.1993 -0.0125 -0.0091 -0.0245 -0.0098 0.9316 0.5655 0.5522 0.4674 0.3098 0.2888 0.2982 0.3508 -1
0.0684 0.4116 0.3070 0.4814 0.1076 0.0863 0.0732 0.1828 0.9316 0.7838 0.6789 0.7494 0.4299 0.3842 0.3960 0.5434 -1
0.0684 -0.1861 -0.1860 0.1737 -0.1485 -0.1299 -0.1037 -0.1703 0.9316 0.1861 0.1860 0.4417 0.1738 0.1680 0.2191 0.1904 -1
-0.4316 0.6529 0.6168 0.5583 0.2553 0.2091 0.2169 0.3513 0.4316 1.0252 0.9888 0.8263 0.5777 0.5070 0.5397 0.7119 -1
-0.4316 0.3656 0.3352 0.5326 0.1568 0.1224 0.1798 0.2309 0.4316 0.7379 0.7071 0.8007 0.4791 0.4203 0.5025 0.5916 -1
-0.4316 0.1932 0.1802 0.4044 -0.0136 -0.0419 -0.0157 0.0403 0.4316 0.5655 0.5522 0.6725 0.3087 0.2560 0.3070 0.4010 -1
0.0684 0.4116 0.4901 0.5583 0.2068 0.2104 0.1211 0.2279 0.9316 0.7838 0.8620 0.8263 0.5292 0.5083 0.4439 0.5886 -1
-0.4316 0.6414 0.5887 0.7634 0.4461 0.3436 0.4437 0.5910 0.4316 1.0137 0.9606 1.0315 0.7685 0.6415 0.7665 0.9516 -1
0.0684 0.3426 0.3492 0.5070 0.0716 0.0668 0.0419 0.0764 0.9316 0.7149 0.7212 0.7751 0.3939 0.3647 0.3647 0.4371 -1
0.5684 0.4920 0.4619 0.5070 0.2223 0.1946 0.1426 0.3312 1.4316 0.8643 0.8339 0.7751 0.5446 0.4925 0.4654 0.6919 -1
-0.4316 0.5150 0.4901 0.5583 0.2705 0.2187 0.2110 0.3152 0.4316 0.8873 0.8620 0.8263 0.5928 0.5166 0.5338 0.6758 -1
0.5684 0.7219 0.7154 0.8403 0.5950 0.4872 0.5942 0.6642 1.4316 1.0942 1.0874 1.1084 0.9173 0.7850 0.9170 1.0249 -1
0.5684 0.1587 0.1239 0.3532 -0.0388 -0.0585 -0.0314 -0.0158 1.4316 0.5310 0.4958 0.6212 0.2835 0.2394 0.2914 0.3448 -1
0.0684 0.3541 0.3070 0.5326 0.0589 0.0170 0.0918 0.0905 0.9316 0.7264 0.6789 0.8007 0.3812 0.3149 0.4146 0.4511 -1
-0.4316 0.2391 0.1943 0.4301 -0.0148 -0.0481 -0.0607 0.0203 0.4316 0.6114 0.5662 0.6981 0.3075 0.2498 0.2621 0.3809 -1
0.5684 0.6414 0.6309 0.4301 0.3177 0.2457 0.3342 0.3964 1.4316 1.0137 1.0029 0.6981 0.6400 0.5435 0.6570 0.7571 -1
0.5684 0.6299 0.5887 0.6096 0.4088 0.3689 0.4183 0.3713 1.4316 1.0022 0.9606 0.8776 0.7311 0.6668 0.7411 0.7320 -1
-0.4316 0.4805 0.3774 0.5583 0.1652 0.1137 0.1426 0.2821 0.4316 0.8528 0.7493 0.8263 0.4875 0.4116 0.4654 0.6427 -1
0.0684 0.3656 0.3633 0.5070 0.0892 0.0237 0.1436 0.1567 0.9316 0.7379 0.7353 0.7751 0.4116 0.3216 0.4664 0.5173 -1
-0.4316 0.5495 0.4478 0.6096 0.2975 0.1548 0.3890 0.3412 0.4316 0.9218 0.8198 0.8776 0.6198 0.4527 0.7117 0.7019 -1
0.5684 0.2736 0.2929 0.4044 0.0881 0.0872 0.0224 0.1105 1.4316 0.6459 0.6648 0.6725 0.4104 0.3850 0.3452 0.4712 -1
0.5684 0.7219 0.6168 0.7121 0.4418 0.3353 0.3880 0.4867 1.4316 1.0942 0.9888 0.9802 0.7641 0.6332 0.7107 0.8473 -1
0.0684 0.2736 0.2647 0.4044 0.0505 0.0361 0.0009 0.0955 0.9316 0.6459 0.6367 0.6725 0.3728 0.3340 0.3237 0.4562 -1
0.5684 0.5265 0.5183 0.5839 0.2986 0.2278 0.2296 0.3613 1.4316 0.8988 0.8902 0.8520 0.6209 0.5257 0.5524 0.7220 -1
0.0684 0.3656 0.3915 0.6096 0.1110 0.0776 0.0302 0.2209 0.9316 0.7379 0.7634 0.8776 0.4333 0.3755 0.3530 0.5815 -1
0.0684 0.1127 0.0957 0.4301 -0.0399 -0.0581 -0.0187 -0.0299 0.9316 0.4850 0.4677 0.6981 0.2824 0.2398 0.3041 0.3308 -1
-0.4316 0.5380 0.5887 0.7378 0.2896 0.2004 0.2863 0.4114 0.4316 0.9103 0.9606 1.0058 0.6119 0.4983 0.6091 0.7721 -1
0.0684 0.1587 0.2084 0.3788 0.0097 0.0133 -0.0548 0.0333 0.9316 0.5310 0.5803 0.6468 0.3320 0.3112 0.2679 0.3940 -1
0.5684 0.3196 0.2507 0.4814 0.0913 0.0963 0.0586 0.0805 1.4316 0.6919 0.6226 0.7494 0.4136 0.3942 0.3813 0.4411 -1
0.5684 0.4575 0.4478 0.5070 0.1429 0.0921 0.0703 0.2309 1.4316 0.8298 0.8198 0.7751 0.4653 0.3900 0.3931 0.5916 -1
-0.4316 0.2966 0.2929 0.5583 0.1065 0.0797 0.1192 0.1306 0.4316 0.6689 0.6648 0.8263 0.4288 0.3776 0.4419 0.4913 -1
0.5684 0.4690 0.4619 0.4814 0.1937 0.1635 0.1661 0.2610 1.4316 0.8413 0.8339 0.7494 0.5160 0.4614 0.4889 0.6217 -1
0.5684 0.6414 0.6168 0.5839 0.4203 0.4100 0.3635 0.4114 1.4316 1.0137 0.9888 0.8520 0.7426 0.7079 0.6863 0.7721 -1
0.0684 0.1587 0.1380 0.4044 -0.0188 -0.0133 -0.0568 -0.0198 0.9316 0.5310 0.5099 0.6725 0.3035 0.2846 0.2660 0.3408 -1
0.5684 0.1932 0.1380 0.4814 -0.0080 -0.0498 0.0898 -0.0198 1.4316 0.5655 0.5099 0.7494 0.3143 0.2481 0.4126 0.3408 -1
-0.4316 0.2736 0.2647 0.6096 0.0800 0.0150 0.1153 0.1507 0.4316 0.6459 0.6367 0.8776 0.4023 0.3128 0.4380 0.5113 -1
0.5684 0.5495 0.5183 0.6865 0.2467 0.1506 0.2912 0.3854 1.4316 0.9218 0.8902 0.9545 0.5690 0.4485 0.6140 0.7460 -1
-0.4316 -0.0942 -0.0874 0.1993 -0.1267 -0.1369 -0.1213 -0.1201 0.4316 0.2781 0.2846 0.4674 0.1956 0.1610 0.2015 0.2405 -1
0.5684 0.2047 0.1661 0.4301 0.0167 -0.0323 0.0048 0.1105 1.4316 0.5770 0.5381 0.6981 0.3390 0.2655 0.3276 0.4712 -1
0.5684 0.5150 0.5323 0.5070 0.1962 0.1511 0.1377 0.3192 1.4316 0.8873 0.9043 0.7751 0.5185 0.4489 0.4605 0.6798 -1
-0.4316 0.7219 0.6873 0.6865 0.5008 0.4067 0.5190 0.5850 0.4316 1.0942 1.0592 0.9545 0.8231 0.7045 0.8417 0.9456 -1
-0.4316 0.6414 0.6591 0.6352 0.3437 0.3482 0.2668 0.3422 0.4316 1.0137 1.0310 0.9033 0.6660 0.6460 0.5895 0.7029 -1
0.0684 0.1587 0.0816 0.3275 -0.0417 -0.0431 -0.0744 -0.0198 0.9316 0.5310 0.4536 0.5956 0.2806 0.2548 0.2484 0.3408 -1
0.5684 0.6299 0.6168 0.6096 0.3854 0.3643 0.3850 0.3753 1.4316 1.0022 0.9888 0.8776 0.7077 0.6622 0.7078 0.7360 -1
0.0684 0.4345 0.3774 0.4814 0.1545 0.1195 0.1426 0.2128 0.9316 0.8068 0.7493 0.7494 0.4768 0.4174 0.4654 0.5735 -1
0.0684 0.3656 0.3492 0.4557 0.0972 0.1353 -0.0020 0.0744 0.9316 0.7379 0.7212 0.7238 0.4195 0.4332 0.3207 0.4351 -1
-0.4316 0.2276 0.2084 0.4044 0.0287 0.0017 0.0732 0.0403 0.4316 0.5999 0.5803 0.6725 0.3510 0.2996 0.3960 0.4010 -1
0.5684 0.5380 0.5183 0.6865 0.3503 0.2739 0.3782 0.4275 1.4316 0.9103 0.8902 0.9545 0.6726 0.5718 0.7010 0.7882 -1
-0.4316 0.4116 0.3492 0.7121 0.3109 0.2278 0.3694 0.3633 0.4316 0.7838 0.7212 0.9802 0.6332 0.5257 0.6922 0.7240 -1
-0.4316 0.6299 0.5887 0.5583 0.3079 0.1992 0.4369 0.3613 0.4316 1.0022 0.9606 0.8263 0.6302 0.4971 0.7596 0.7220 -1
-0.4316 0.4460 0.4197 0.5583 0.1738 0.1722 0.0722 0.2811 0.4316 0.8183 0.7916 0.8263 0.4961 0.4701 0.3950 0.6417 -1
0.0684 0.1587 0.2084 0.3532 -0.0150 -0.0120 -0.0451 -0.0329 0.9316 0.5310 0.5803 0.6212 0.3073 0.2859 0.2777 0.3278 -1
0.5684 0.2966 0.2788 0.4814 0.1368 0.1108 0.0889 0.2179 1.4316 0.6689 0.6508 0.7494 0.4591 0.4087 0.4116 0.5785 -1
0.0684 0.3426 0.2929 0.4301 0.0831 0.0606 0.0371 0.1216 0.9316 0.7149 0.6648 0.6981 0.4054 0.3585 0.3598 0.4822 -1
0.5684 0.3541 0.3774 0.7634 0.1778 0.1950 0.1182 0.1386 1.4316 0.7264 0.7493 1.0315 0.5002 0.4929 0.4410 0.4993 -1
0.0684 0.2391 0.2084 0.4301 0.0303 0.0013 0.0126 0.0845 0.9316 0.6114 0.5803 0.6981 0.3526 0.2992 0.3354 0.4451 -1
0.0684 0.4575 0.4338 0.5839 0.1756 0.1187 0.1143 0.3011 0.9316 0.8298 0.8057 0.8520 0.4979 0.4166 0.4370 0.6618 -1
0.0684 0.4805 0.4338 0.4301 0.1042 0.0627 0.0556 0.2108 0.9316 0.8528 0.8057 0.6981 0.4265 0.3606 0.3784 0.5715 -1
0.0684 0.4230 0.2929 0.4557 0.0358 -0.0045 0.0243 0.0805 0.9316 0.7953 0.6648 0.7238 0.3581 0.2933 0.3471 0.4411 -1
0.5684 0.2276 0.2225 0.7121 0.0138 -0.0299 0.0322 0.0654 1.4316 0.5999 0.5944 0.9802 0.3361 0.2680 0.3549 0.4261 -1
0.5684 0.4345 0.3774 0.4814 0.2093 0.2336 0.1749 0.1356 1.4316 0.8068 0.7493 0.7494 0.5317 0.5315 0.4977 0.4963 -1
0.5684 0.4690 0.4478 0.5839 0.1842 0.1104 0.1935 0.2560 1.4316 0.8413 0.8198 0.8520 0.5065 0.4083 0.5162 0.6166 -1
-0.4316 0.7334 0.7014 0.5839 0.4416 0.3291 0.3880 0.5218 0.4316 1.1057 1.0733 0.8520 0.7639 0.6270 0.7107 0.8824 -1
0.0684 0.3196 0.3070 0.4301 0.0353 0.0282 0.0146 0.0453 0.9316 0.6919 0.6789 0.6981 0.3576 0.3261 0.3373 0.4060 -1
0.5684 0.4920 0.4901 0.5583 0.2268 0.1693 0.2785 0.2349 1.4316 0.8643 0.8620 0.8263 0.5491 0.4672 0.6013 0.5956 -1
0.0684 0.3541 0.3070 0.5070 0.0571 0.0274 -0.0079 0.1607 0.9316 0.7264 0.6789 0.7751 0.3794 0.3253 0.3149 0.5214 -1
0.0684 0.4460 0.4901 0.5583 0.3181 0.2934 0.2140 0.3603 0.9316 0.8183 0.8620 0.8263 0.6404 0.5913 0.5368 0.7210 -1
0.0684 0.4920 0.3633 0.5326 0.0879 0.0515 0.0439 0.1808 0.9316 0.8643 0.7353 0.8007 0.4102 0.3494 0.3667 0.5414 -1
0.0684 0.2621 0.1802 0.4044 0.0131 -0.0145 0.0195 0.0102 0.9316 0.6344 0.5522 0.6725 0.3354 0.2834 0.3422 0.3709 -1
-0.4316 0.6989 0.6591 0.6608 0.5581 0.5054 0.4691 0.6923 0.4316 1.0712 1.0310 0.9289 0.8804 0.8033 0.7919 1.0529 -1
-0.4316 0.5380 0.5323 0.6865 0.3122 0.2108 0.2316 0.4536 0.4316 0.9103 0.9043 0.9545 0.6345 0.5087 0.5543 0.8142 -1
0.0684 0.3541 0.3070 0.5070 0.0550 0.0291 0.0322 0.1075 0.9316 0.7264 0.6789 0.7751 0.3773 0.3270 0.3549 0.4682 -1
0.5684 0.5610 0.5183 0.5583 0.2528 0.2062 0.2355 0.3071 1.4316 0.9333 0.8902 0.8263 0.5752 0.5041 0.5583 0.6678 -1
0.5684 0.5035 0.4478 0.6096 0.2349 0.1805 0.1993 0.3432 1.4316 0.8758 0.8198 0.8776 0.5573 0.4784 0.5221 0.7039 -1
-0.4316 0.6759 0.5887 0.6865 0.4332 0.3448 0.4554 0.4817 0.4316 1.0482 0.9606 0.9545 0.7555 0.6427 0.7782 0.8423 -1
0.5684 0.3541 0.3211 0.4044 0.1250 0.1228 0.0849 0.1426 1.4316 0.7264 0.6930 0.6725 0.4474 0.4207 0.4077 0.5033 -1
0.5684 0.0437 0.0253 0.2506 -0.0789 -0.0701 -0.0930 -0.0901 1.4316 0.4160 0.3972 0.5186 0.2434 0.2278 0.2298 0.2706 -1
0.5684 0.3081 0.3352 0.4301 0.0736 0.0511 0.0410 0.0504 1.4316 0.6804 0.7071 0.6981 0.3959 0.3489 0.3637 0.4110 -1
-0.4316 0.6185 0.5887 0.6608 0.3557 0.2801 0.4408 0.3713 0.4316 0.9907 0.9606 0.9289 0.6780 0.5780 0.7635 0.7320 -1
0.0684 0.3771 0.4478 0.4814 0.1126 0.0473 0.1416 0.2710 0.9316 0.7494 0.8198 0.7494 0.4349 0.3452 0.4644 0.6317 -1
0.0684 0.2966 0.2366 0.5070 0.0360 0.0083 0.0449 0.0784 0.9316 0.6689 0.6085 0.7751 0.3583 0.3062 0.3676 0.4391 -1
0.5684 -0.1747 -0.1860 0.2506 -0.1546 -0.1489 -0.1291 -0.1603 1.4316 0.1976 0.1860 0.5186 0.1677 0.1489 0.1936 0.2004 -1
0.5684 0.2276 0.2788 0.5583 0.0707 -0.0074 -0.0460 0.2510 1.4316 0.5999 0.6508 0.8263 0.3930 0.2904 0.2767 0.6116 -1
-0.4316 0.4116 0.3915 0.5070 0.1500 0.1166 0.0957 0.2911 0.4316 0.7838 0.7634 0.7751 0.4723 0.4145 0.4185 0.6517 -1
0.5684 0.2162 0.1380 0.3275 0.0029 0.0029 -0.0167 -0.0148 1.4316 0.5884 0.5099 0.5956 0.3252 0.3008 0.3061 0.3458 -1
0.0684 0.4690 0.4619 0.6096 0.2311 0.2220 0.1622 0.2329 0.9316 0.8413 0.8339 0.8776 0.5534 0.5199 0.4849 0.5936 -1
0.0684 0.4230 0.3915 0.5583 0.1375 0.0975 0.1241 0.2349 0.9316 0.7953 0.7634 0.8263 0.4598 0.3954 0.4468 0.5956 -1
0.5684 0.5265 0.6168 0.7378 0.3650 0.3170 0.3176 0.3713 1.4316 0.8988 0.9888 1.0058 0.6873 0.6149 0.6404 0.7320 -1
-0.4316 0.3081 0.2788 0.6096 0.0745 0.0166 0.1768 0.0674 0.4316 0.6804 0.6508 0.8776 0.3968 0.3145 0.4996 0.4281 -1
-0.4316 0.5265 0.5183 0.6096 0.2479 0.2137 0.2687 0.2540 0.4316 0.8988 0.8902 0.8776 0.5702 0.5116 0.5915 0.6146 -1
0.5684 0.8139 0.7859 0.7634 0.8388 0.8511 0.8386 0.7826 1.4316 1.1861 1.1578 1.0315 1.1612 1.1489 1.1614 1.1432 -1
-0.4316 0.6185 0.5605 0.7121 0.3990 0.3531 0.4593 0.3513 0.4316 0.9907 0.9324 0.9802 0.7213 0.6510 0.7821 0.7119 -1
0.0684 0.3311 0.1943 0.4301 -0.0032 -0.0382 0.0253 0.0163 0.9316 0.7034 0.5662 0.6981 0.3191 0.2597 0.3481 0.3769 -1
0.0684 0.3426 0.2929 0.4301 0.0457 0.0141 0.0664 0.0704 0.9316 0.7149 0.6648 0.6981 0.3680 0.3120 0.3891 0.4311 -1
-0.4316 0.6989 0.6591 0.5839 0.4527 0.3324 0.4466 0.5820 0.4316 1.0712 1.0310 0.8520 0.7750 0.6303 0.7694 0.9426 -1
0.0684 0.4920 0.4478 0.4814 0.1701 0.1262 0.1465 0.2610 0.9316 0.8643 0.8198 0.7494 0.4924 0.4240 0.4693 0.6217 -1
-0.4316 0.1817 0.1521 0.4044 -0.0286 -0.0514 -0.0333 0.0102 0.4316 0.5540 0.5240 0.6725 0.2937 0.2465 0.2894 0.3709 -1
0.5684 0.6644 0.6309 0.7890 0.4921 0.4208 0.4711 0.5138 1.4316 1.0367 1.0029 1.0571 0.8145 0.7187 0.7938 0.8744 -1
-0.4316 0.6070 0.5746 -0.1340 0.3068 0.2357 0.3831 0.3182 0.4316 0.9793 0.9465 0.1340 0.6291 0.5336 0.7059 0.6788 -1
0.0684 0.2047 0.1943 0.5070 -0.0148 -0.0552 -0.0490 0.0604 0.9316 0.5770 0.5662 0.7751 0.3075 0.2427 0.2738 0.4211 -1
0.0684 0.4575 0.4056 0.6608 0.1670 0.1432 0.1055 0.2409 0.9316 0.8298 0.7775 0.9289 0.4893 0.4411 0.4282 0.6016 -1
-0.4316 0.5035 0.4197 0.5070 0.2390 0.2075 0.1925 0.3262 0.4316 0.8758 0.7916 0.7751 0.5613 0.5054 0.5152 0.6868 -1
0.0684 0.3656 0.3211 0.4557 0.0824 0.0556 0.0537 0.1206 0.9316 0.7379 0.6930 0.7238 0.4048 0.3535 0.3764 0.4812 -1
-0.4316 0.4575 0.4760 0.4814 0.2266 0.1407 0.2746 0.2720 0.4316 0.8298 0.8479 0.7494 0.5489 0.4386 0.5974 0.6327 -1
0.5684 0.5035 0.5042 0.7121 0.3206 0.3079 0.2247 0.3613 1.4316 0.8758 0.8761 0.9802 0.6429 0.6058 0.5475 0.7220 -1
0.5684 0.3311 0.1661 0.5839 0.2007 0.1585 0.1680 0.2871 1.4316 0.7034 0.5381 0.8520 0.5230 0.4564 0.4908 0.6477 -1
0.5684 0.1702 0.1380 0.4044 -0.0145 -0.0286 -0.0167 0.0002 1.4316 0.5425 0.5099 0.6725 0.3078 0.2693 0.3061 0.3609 -1
0.0684 0.4116 0.3774 0.5583 0.0722 0.0345 0.0439 0.1747 0.9316 0.7838 0.7493 0.8263 0.3946 0.3323 0.3667 0.5354 -1
0.5684 0.4690 0.4478 0.5839 0.2252 0.2220 0.2003 0.2108 1.4316 0.8413 0.8198 0.8520 0.5475 0.5199 0.5231 0.5715 -1
0.5684 0.6874 0.6450 0.7634 0.5252 0.4847 0.5023 0.5238 1.4316 1.0597 1.0170 1.0315 0.8475 0.7826 0.8251 0.8844 -1
0.5684 0.3426 0.2647 0.5070 0.0815 0.0174 0.1788 0.0604 1.4316 0.7149 0.6367 0.7751 0.4038 0.3153 0.5016 0.4211 -1
0.0684 0.3886 0.3915 0.5070 0.1540 0.1378 0.1182 0.1998 0.9316 0.7609 0.7634 0.7751 0.4764 0.4357 0.4410 0.5605 -1
0.0684 0.4460 0.4056 0.5326 0.1654 0.1411 0.0898 0.2510 0.9316 0.8183 0.7775 0.8007 0.4877 0.4390 0.4126 0.6116 -1
-0.4316 0.4920 0.4901 0.6352 0.2066 0.1461 0.2257 0.2590 0.4316 0.8643 0.8620 0.9033 0.5289 0.4440 0.5485 0.6196 -1
-0.4316 0.4575 0.4478 0.7121 0.1942 0.1444 0.2052 0.2510 0.4316 0.8298 0.8198 0.9802 0.5165 0.4423 0.5280 0.6116 -1
0.0684 0.1472 0.1802 0.4301 -0.0327 -0.0614 -0.0744 0.0704 0.9316 0.5195 0.5522 0.6981 0.2896 0.2365 0.2484 0.4311 -1
-0.4316 0.4345 0.4901 0.6096 0.2501 0.1697 0.1768 0.4155 0.4316 0.8068 0.8620 0.8776 0.5724 0.4676 0.4996 0.7761 -1
0.5684 0.3886 0.4056 0.5070 0.1155 0.0851 0.0928 0.1667 1.4316 0.7609 0.7775 0.7751 0.4378 0.3830 0.4155 0.5274 -1
0.5684 0.3656 0.3211 0.4557 0.1171 0.0473 0.1133 0.1266 1.4316 0.7379 0.6930 0.7238 0.4394 0.3452 0.4361 0.4873 -1
0.5684 0.3426 0.3070 0.5326 0.1346 0.1038 0.1416 0.1105 1.4316 0.7149 0.6789 0.8007 0.4569 0.4016 0.4644 0.4712 -1
0.5684 0.4345 0.4478 0.5326 0.1878 0.1336 0.1905 0.2690 1.4316 0.8068 0.8198 0.8007 0.5101 0.4315 0.5133 0.6297 -1
0.0684 0.3656 0.3070 0.5326 0.0342 -0.0282 0.0361 0.1306 0.9316 0.7379 0.6789 0.8007 0.3565 0.2697 0.3588 0.4913 -1
-0.4316 0.5610 0.5183 0.5839 0.2481 0.1822 0.2697 0.3111 0.4316 0.9333 0.8902 0.8520 0.5704 0.4801 0.5925 0.6718 -1
-0.4316 0.3311 0.2929 0.4814 0.0165 -0.0216 0.0390 0.0644 0.4316 0.7034 0.6648 0.7494 0.3388 0.2763 0.3618 0.4251 -1
0.5684 0.5380 0.5605 0.7121 0.3115 0.1905 0.3479 0.4907 1.4316 0.9103 0.9324 0.9802 0.6339 0.4884 0.6707 0.8513 -1
0.5684 0.4805 0.4478 0.6096 0.1758 0.1378 0.2130 0.1707 1.4316 0.8528 0.8198 0.8776 0.4981 0.4357 0.5358 0.5314 -1
0.5684 -0.0597 -0.1015 0.2506 -0.1265 -0.1108 -0.1614 -0.1342 1.4316 0.3126 0.2705 0.5186 0.1958 0.1871 0.1614 0.2265 -1
-0.4316 0.5955 0.5464 0.6608 0.3811 0.3046 0.4554 0.4315 0.4316 0.9678 0.9184 0.9289 0.7034 0.6025 0.7782 0.7922 -1
-0.4316 0.6874 0.7014 0.8147 0.4443 0.3452 0.4222 0.5749 0.4316 1.0597 1.0733 1.0827 0.7666 0.6431 0.7450 0.9356 -1
0.0684 0.3771 0.4619 0.5070 0.2365 0.2511 0.1260 0.2289 0.9316 0.7494 0.8339 0.7751 0.5588 0.5489 0.4488 0.5896 -1
-0.4316 0.4690 0.4760 0.5583 0.2028 0.0876 0.1856 0.3382 0.4316 0.8413 0.8479 0.8263 0.5251 0.3855 0.5084 0.6989 -1
0.0684 0.3426 0.2929 0.4814 0.0695 0.0589 0.0341 0.0905 0.9316 0.7149 0.6648 0.7494 0.3918 0.3568 0.3569 0.4511 -1
-0.4316 0.4345 0.3633 0.7121 0.5370 0.4548 0.4652 0.6472 0.4316 0.8068 0.7353 0.9802 0.8593 0.7527 0.7880 1.0078 -1
0.0684 0.1127 0.1098 0.3019 -0.0578 -0.0531 -0.0451 -0.0600 0.9316 0.4850 0.4817 0.5699 0.2645 0.2448 0.2777 0.3007 -1
0.5684 0.6299 0.5746 0.5583 0.3308 0.3116 0.2159 0.4195 1.4316 1.0022 0.9465 0.8263 0.6531 0.6095 0.5387 0.7801 -1
0.5684 0.0897 0.0957 0.3019 -0.0562 -0.0676 -0.0783 -0.0499 1.4316 0.4620 0.4677 0.5699 0.2661 0.2303 0.2445 0.3107 -1
0.5684 0.2966 0.2225 0.5583 0.2637 0.2212 0.2169 0.3332 1.4316 0.6689 0.5944 0.8263 0.5860 0.5191 0.5397 0.6939 -1
0.0684 0.4230 0.3774 0.5326 0.1409 0.1004 0.1260 0.1908 0.9316 0.7953 0.7493 0.8007 0.4632 0.3983 0.4488 0.5514 -1
0.0684 -0.0827 -0.1437 0.2762 -0.1403 -0.1373 -0.1428 -0.1502 0.9316 0.2896 0.2282 0.5443 0.1820 0.1606 0.1800 0.2104 -1
-0.4316 0.5725 0.5464 0.5839 0.3240 0.2349 0.3108 0.4455 0.4316 0.9448 0.9184 0.8520 0.6463 0.5328 0.6335 0.8062 -1
-0.4316 0.5840 0.5464 0.8147 0.4081 0.2963 0.3714 0.5438 0.4316 0.9563 0.9184 1.0827 0.7304 0.5942 0.6941 0.9045 -1
-0.4316 0.3081 0.2788 0.4557 0.0881 0.0739 0.0566 0.0975 0.4316 0.6804 0.6508 0.7238 0.4104 0.3718 0.3794 0.4582 -1
-0.4316 0.4001 0.3070 0.5070 0.1352 0.1166 0.2013 0.1005 0.4316 0.7724 0.6789 0.7751 0.4576 0.4145 0.5240 0.4612 -1
-0.4316 0.3541 0.3915 0.4814 0.1649 0.1701 0.1328 0.1035 0.4316 0.7264 0.7634 0.7494 0.4872 0.4680 0.4556 0.4642 -1
-0.4316 0.6874 0.6028 0.8403 0.4010 0.3154 0.3723 0.4476 0.4316 1.0597 0.9747 1.1084 0.7234 0.6133 0.6951 0.8082 -1
0.0684 0.4690 0.4197 0.4301 0.1686 0.1892 0.1162 0.1336 0.9316 0.8413 0.7916 0.6981 0.4909 0.4871 0.4390 0.4943 -1
0.5684 0.5265 0.5323 0.6352 0.1980 0.1544 0.1651 0.2861 1.4316 0.8988 0.9043 0.9033 0.5203 0.4523 0.4879 0.6467 -1
0.5684 0.5725 0.5323 0.6352 0.2687 0.2108 0.2404 0.3653 1.4316 0.9448 0.9043 0.9033 0.5910 0.5087 0.5631 0.7260 -1
-0.4316 0.6070 0.6168 0.6608 0.3371 0.2527 0.3108 0.4496 0.4316 0.9793 0.9888 0.9289 0.6595 0.5506 0.6335 0.8102 -1
0.5684 0.5840 0.5464 0.6096 0.3326 0.3349 0.2179 0.3452 1.4316 0.9563 0.9184 0.8776 0.6549 0.6328 0.5407 0.7059 -1
-0.4316 -0.0597 -0.1015 0.3019 -0.1281 -0.1299 -0.1194 -0.1402 0.4316 0.3126 0.2705 0.5699 0.1942 0.1680 0.2034 0.2205 -1
0.0684 0.4345 0.3774 0.5326 0.0945 0.0681 0.0361 0.1737 0.9316 0.8068 0.7493 0.8007 0.4168 0.3660 0.3588 0.5344 -1
0.5684 0.3081 0.2647 0.3275 0.0330 0.0096 0.0243 0.0514 1.4316 0.6804 0.6367 0.5956 0.3554 0.3074 0.3471 0.4120 -1
0.0684 0.3771 0.2788 0.4301 0.0541 0.0266 0.0722 0.0784 0.9316 0.7494 0.6508 0.6981 0.3764 0.3245 0.3950 0.4391 -1
-0.4316 0.3426 0.3070 0.4301 0.0938 0.0560 0.1162 0.1105 0.4316 0.7149 0.6789 0.6981 0.4161 0.3539 0.4390 0.4712 -1
-0.4316 0.5380 0.5183 0.6865 0.2703 0.1955 0.2101 0.4114 0.4316 0.9103 0.8902 0.9545 0.5926 0.4933 0.5328 0.7721 -1
0.0684 -0.0252 -0.0310 0.3275 -0.1272 -0.1311 -0.1311 -0.1001 0.9316 0.3471 0.3409 0.5956 0.1951 0.1668 0.1917 0.2606 -1
-0.4316 0.4116 0.4056 0.5070 0.1203 0.0992 0.1211 0.1938 0.4316 0.7838 0.7775 0.7751 0.4426 0.3971 0.4439 0.5545 -1
0.5684 0.7564 0.7718 0.7121 0.5762 0.5540 0.4369 0.6341 1.4316 1.1287 1.1437 0.9802 0.8985 0.8518 0.7596 0.9948 -1
0.5684 0.4116 0.3774 0.6096 0.1420 0.0959 0.1788 0.1707 1.4316 0.7838 0.7493 0.8776 0.4644 0.3938 0.5016 0.5314 -1
-0.4316 0.0782 0.0957 0.3532 -0.0562 -0.0635 -0.0959 -0.0259 0.4316 0.4505 0.4677 0.6212 0.2661 0.2344 0.2269 0.3348 -1
-0.4316 0.5840 0.5887 0.6352 0.3664 0.2867 0.3743 0.3713 0.4316 0.9563 0.9606 0.9033 0.6887 0.5846 0.6971 0.7320 -1
0.5684 0.5150 0.4901 0.5583 0.1991 0.1710 0.1260 0.2650 1.4316 0.8873 0.8620 0.8263 0.5215 0.4689 0.4488 0.6257 -1
-0.4316 0.6414 0.5887 0.6096 0.4092 0.3938 0.3753 0.3804 0.4316 1.0137 0.9606 0.8776 0.7315 0.6917 0.6980 0.7410 -1
0.5684 0.6529 0.6450 0.6352 0.4214 0.2975 0.3499 0.5519 1.4316 1.0252 1.0170 0.9033 0.7438 0.5954 0.6726 0.9125 -1
0.0684 0.5495 0.4901 0.4301 0.2007 0.1730 0.1524 0.2610 0.9316 0.9218 0.8620 0.6981 0.5230 0.4709 0.4752 0.6217 -1
0.0684 0.3311 0.3211 0.4557 0.0423 -0.0120 0.0429 0.1306 0.9316 0.7034 0.6930 0.7238 0.3646 0.2859 0.3657 0.4913 -1
0.5684 0.6759 0.5887 0.6865 0.3707 0.3154 0.3948 0.3713 1.4316 1.0482 0.9606 0.9545 0.6930 0.6133 0.7176 0.7320 -1
-0.4316 0.4345 0.3915 0.5583 0.1826 0.0988 0.1172 0.3613 0.4316 0.8068 0.7634 0.8263 0.5049 0.3967 0.4400 0.7220 -1
0.5684 0.5380 0.5183 0.5070 0.2891 0.2718 0.2834 0.2891 1.4316 0.9103 0.8902 0.7751 0.6114 0.5697 0.6062 0.6497 -1
0.0684 0.2966 0.2929 0.5070 0.0643 0.0540 0.0165 0.1306 0.9316 0.6689 0.6648 0.7751 0.3866 0.3518 0.3393 0.4913 -1
0.5684 0.6529 0.6450 0.6608 0.3013 0.2511 0.2169 0.4375 1.4316 1.0252 1.0170 0.9289 0.6237 0.5489 0.5397 0.7982 -1
-0.4316 0.5610 0.5042 0.5839 0.2739 0.2996 0.1895 0.2329 0.4316 0.9333 0.8761 0.8520 0.5962 0.5975 0.5123 0.5936 -1
0.0684 0.1932 0.2084 0.4814 -0.0175 -0.0631 0.0087 0.0303 0.9316 0.5655 0.5803 0.7494 0.3048 0.2348 0.3315 0.3910 -1
-0.4316 0.4575 0.4197 0.4044 0.1466 0.1282 0.0791 0.2088 0.4316 0.8298 0.7916 0.6725 0.4689 0.4261 0.4019 0.5695 -1
-0.4316 0.5610 0.4901 0.5583 0.2010 0.1942 0.1377 0.2239 0.4316 0.9333 0.8620 0.8263 0.5233 0.4921 0.4605 0.5845 -1
0.5684 0.4690 0.4478 0.4814 0.2003 0.1050 0.1895 0.2139 1.4316 0.8413 0.8198 0.7494 0.5226 0.4029 0.5123 0.5745 -1
-0.4316 0.3886 0.3633 0.5070 0.1468 0.1266 0.1338 0.1607 0.4316 0.7609 0.7353 0.7751 0.4691 0.4245 0.4566 0.5214 -1
-0.4316 0.4575 0.4901 0.5839 0.2216 0.1813 0.2912 0.2510 0.4316 0.8298 0.8620 0.8520 0.5439 0.4792 0.6140 0.6116 -1
-0.4316 0.4116 0.3492 0.4814 0.1287 0.0751 0.1915 0.1406 0.4316 0.7838 0.7212 0.7494 0.4510 0.3730 0.5143 0.5013 -1
0.5684 0.4575 0.4619 0.5583 0.2141 0.1345 0.2023 0.2901 1.4316 0.8298 0.8339 0.8263 0.5364 0.4323 0.5250 0.6507 -1
0.5684 0.1817 0.0816 0.3019 -0.0447 -0.0473 -0.0724 -0.0299 1.4316 0.5540 0.4536 0.5699 0.2776 0.2506 0.2503 0.3308 -1
0.5684 -0.0597 -0.0592 0.2762 -0.1281 -0.1336 -0.1213 -0.1201 1.4316 0.3126 0.3127 0.5443 0.1942 0.1643 0.2015 0.2405 -1
0.5684 0.3541 0.3352 0.4557 0.0942 0.0963 0.0732 0.0935 1.4316 0.7264 0.7071 0.7238 0.4165 0.3942 0.3960 0.4542 -1
-0.4316 0.7679 0.7014 0.8403 0.5789 0.4971 0.5962 0.6642 0.4316 1.1402 1.0733 1.1084 0.9012 0.7950 0.9190 1.0249 -1
-0.4316 0.6299 0.5605 0.6096 0.3113 0.2208 0.3978 0.3392 0.4316 1.0022 0.9324 0.8776 0.6336 0.5187 0.7205 0.6999 -1
0.0684 0.1587 0.1661 0.4044 -0.0474 -0.0705 -0.0304 -0.0299 0.9316 0.5310 0.5381 0.6725 0.2749 0.2274 0.2924 0.3308 -1
0.0684 0.2966 0.3352 0.5070 0.0824 0.0257 0.0986 0.1326 0.9316 0.6689 0.7071 0.7751 0.4048 0.3236 0.4214 0.4933 -1
0.5684 0.5035 0.5887 0.5583 0.3002 0.2137 0.2990 0.4315 1.4316 0.8758 0.9606 0.8263 0.6225 0.5116 0.6218 0.7922 -1
-0.4316 0.5265 0.5464 0.5326 0.1343 0.1054 0.0908 0.2189 0.4316 0.8988 0.9184 0.8007 0.4566 0.4033 0.4136 0.5795 -1
-0.4316 0.6070 0.6028 0.6608 0.3553 0.2361 0.4105 0.4516 0.4316 0.9793 0.9747 0.9289 0.6776 0.5340 0.7332 0.8122 -1
0.0684 -0.1172 -0.1155 0.1993 -0.1464 -0.1415 -0.1526 -0.1402 0.9316 0.2551 0.2564 0.4674 0.1759 0.1564 0.1702 0.2205 -1
-0.4316 0.5610 0.4619 0.4814 0.2626 0.2042 0.2951 0.2891 0.4316 0.9333 0.8339 0.7494 0.5849 0.5021 0.6179 0.6497 -1
0.0684 -0.0482 -0.0733 0.3532 -0.1226 -0.1340 -0.1037 -0.1101 0.9316 0.3241 0.2986 0.6212 0.1997 0.1639 0.2191 0.2505 -1
0.5684 0.3311 0.3070 0.5070 0.0698 0.0502 0.0644 0.0764 1.4316 0.7034 0.6789 0.7751 0.3921 0.3481 0.3872 0.4371 -1
-0.4316 0.1702 0.1098 0.3275 -0.0123 -0.0394 -0.0177 -0.0138 0.4316 0.5425 0.4817 0.5956 0.3100 0.2585 0.3051 0.3468 -1
0.5684 0.0667 0.0253 0.4301 -0.0284 -0.0303 -0.0431 -0.0249 1.4316 0.4390 0.3972 0.6981 0.2939 0.2676 0.2797 0.3358 -1
-0.4316 0.5610 0.5746 0.5839 0.2723 0.2428 0.1524 0.3814 0.4316 0.9333 0.9465 0.8520 0.5946 0.5406 0.4752 0.7420 -1
-0.4316 0.4920 0.4760 0.6608 0.2053 0.1141 0.3108 0.3212 0.4316 0.8643 0.8479 0.9289 0.5276 0.4120 0.6335 0.6818 -1
-0.4316 0.4805 0.4478 0.5839 0.2041 0.1307 0.2619 0.2710 0.4316 0.8528 0.8198 0.8520 0.5264 0.4286 0.5846 0.6317 -1
0.5684 -0.0597 -0.0592 0.2506 -0.1290 -0.1240 -0.1301 -0.1422 1.4316 0.3126 0.3127 0.5186 0.1933 0.1738 0.1927 0.2184 -1
0.0684 0.2162 0.2225 0.4044 -0.0195 -0.0328 -0.0597 0.0343 0.9316 0.5884 0.5944 0.6725 0.3028 0.2651 0.2630 0.3950 -1
-0.4316 0.2736 0.2507 0.5839 0.0446 0.0100 0.0263 0.1005 0.4316 0.6459 0.6226 0.8520 0.3669 0.3079 0.3491 0.4612 -1
0.5684 0.5035 0.3211 0.5583 0.1692 0.0818 0.2922 0.2309 1.4316 0.8758 0.6930 0.8263 0.4915 0.3796 0.6150 0.5916 -1
0.5684 0.1357 0.0535 0.4557 0.0766 0.0382 0.0996 0.1085 1.4316 0.5080 0.4254 0.7238 0.3989 0.3361 0.4224 0.4692 -1
0.5684 0.5840 0.5042 0.5583 0.2921 0.2726 0.2335 0.3152 1.4316 0.9563 0.8761 0.8263 0.6144 0.5705 0.5563 0.6758 -1
0.0684 0.3886 0.3633 0.5070 0.0670 0.0191 0.0107 0.2108 0.9316 0.7609 0.7353 0.7751 0.3893 0.3170 0.3334 0.5715 -1
0.5684 0.4805 0.4760 0.6096 0.2644 0.2369 0.3098 0.2660 1.4316 0.8528 0.8479 0.8776 0.5867 0.5348 0.6325 0.6267 -1
0.5684 0.5840 0.5746 0.5839 0.3161 0.2307 0.3244 0.4315 1.4316 0.9563 0.9465 0.8520 0.6384 0.5286 0.6472 0.7922 -1
0.5684 0.6414 0.6168 0.6096 0.4097 0.3411 0.3489 0.4746 1.4316 1.0137 0.9888 0.8776 0.7320 0.6390 0.6716 0.8353 -1
0.5684 0.6874 0.6591 0.7121 0.4586 0.4154 0.4515 0.5037 1.4316 1.0597 1.0310 0.9802 0.7809 0.7133 0.7743 0.8644 -1
-0.4316 0.6414 0.5605 0.5839 0.2911 0.2635 0.2267 0.3523 0.4316 1.0137 0.9324 0.8520 0.6135 0.5614 0.5495 0.7129 -1
-0.4316 0.6644 0.5887 0.6865 0.3843 0.2726 0.3293 0.5589 0.4316 1.0367 0.9606 0.9545 0.7066 0.5705 0.6521 0.9195 -1
0.5684 0.0552 0.0394 0.3275 -0.0895 -0.1079 -0.0920 -0.0680 1.4316 0.4275 0.4113 0.5956 0.2328 0.1900 0.2308 0.2927 -1
-0.4316 0.4805 0.4478 0.5583 0.1996 0.1374 0.1954 0.3202 0.4316 0.8528 0.8198 0.8263 0.5219 0.4353 0.5182 0.6808 -1
-0.4316 0.5265 0.5464 0.6352 0.2995 0.2984 0.2062 0.3172 0.4316 0.8988 0.9184 0.9033 0.6218 0.5962 0.5289 0.6778 -1
0.5684 0.4805 0.4760 0.5583 0.2433 0.2187 0.2130 0.2710 1.4316 0.8528 0.8479 0.8263 0.5656 0.5166 0.5358 0.6317 -1
-0.4316 0.6529 0.4760 0.6096 0.4597 0.3834 0.4281 0.1055 0.4316 1.0252 0.8479 0.8776 0.7820 0.6813 0.7508 0.4662 -1
0.0684 0.0667 0.0253 0.3532 -0.0746 -0.0983 -0.0881 -0.0198 0.9316 0.4390 0.3972 0.6212 0.2477 0.1996 0.2347 0.3408 -1
0.5684 0.0093 -0.0170 0.2762 -0.1027 -0.1091 -0.1066 -0.0750 1.4316 0.3815 0.3550 0.5443 0.2196 0.1888 0.2161 0.2856 -1
0.0684 0.2276 0.1943 0.4557 0.0194 -0.0245 -0.0108 0.0704 0.9316 0.5999 0.5662 0.7238 0.3418 0.2734 0.3119 0.4311 -1
0.0684 0.3886 0.3633 0.5070 0.1119 0.0772 0.0634 0.1988 0.9316 0.7609 0.7353 0.7751 0.4342 0.3751 0.3862 0.5595 -1
0.5684 0.4920 0.4901 0.5839 0.1971 0.1892 0.1651 0.2108 1.4316 0.8643 0.8620 0.8520 0.5194 0.4871 0.4879 0.5715 -1
0.5684 0.0897 0.0253 0.3019 -0.0809 -0.0859 -0.0842 -0.0800 1.4316 0.4620 0.3972 0.5699 0.2414 0.2120 0.2386 0.2806 -1
0.5684 0.4690 0.5183 0.6096 0.2875 0.2224 0.3176 0.3212 1.4316 0.8413 0.8902 0.8776 0.6098 0.5203 0.6404 0.6818 -1
0.0684 0.3771 0.3633 0.5326 0.0947 0.0378 0.0771 0.2149 0.9316 0.7494 0.7353 0.8007 0.4170 0.3357 0.3999 0.5755 -1
-0.4316 0.6185 0.5323 0.7890 0.3009 0.2191 0.2394 0.4476 0.4316 0.9907 0.9043 1.0571 0.6232 0.5170 0.5622 0.8082 -1
0.5684 -0.0022 -0.0310 0.3275 -0.1113 -0.1137 -0.1047 -0.1101 1.4316 0.3701 0.3409 0.5956 0.2110 0.1842 0.2181 0.2505 -1
-0.4316 0.5150 0.4760 0.6096 0.2000 0.1436 0.1768 0.3162 0.4316 0.8873 0.8479 0.8776 0.5224 0.4415 0.4996 0.6768 -1
0.5684 0.2851 0.2366 0.5839 0.2250 0.1847 0.2277 0.2359 1.4316 0.6574 0.6085 0.8520 0.5473 0.4826 0.5504 0.5966 -1
0.0684 0.1817 0.1098 0.3275 -0.0143 -0.0162 -0.0451 -0.0198 0.9316 0.5540 0.4817 0.5956 0.3080 0.2817 0.2777 0.3408 -1
0.0684 0.3656 0.3915 0.4557 0.1019 0.0984 0.0576 0.1186 0.9316 0.7379 0.7634 0.7238 0.4242 0.3962 0.3803 0.4792 -1
0.5684 0.1242 0.1098 0.4557 -0.0177 -0.0626 -0.0363 0.0504 1.4316 0.4965 0.4817 0.7238 0.3046 0.2353 0.2865 0.4110 -1
0.5684 0.4001 0.3492 0.5070 0.1543 0.1942 0.0292 0.1767 1.4316 0.7724 0.7212 0.7751 0.4766 0.4921 0.3520 0.5374 -1
0.5684 0.2966 0.3070 0.4301 0.0534 0.0353 0.0302 0.0724 1.4316 0.6689 0.6789 0.6981 0.3757 0.3332 0.3530 0.4331 -1
0.0684 0.4345 0.4056 0.4557 0.1348 0.1050 0.1192 0.1848 0.9316 0.8068 0.7775 0.7238 0.4571 0.4029 0.4419 0.5454 -1
-0.4316 0.0207 0.0253 0.2506 -0.0716 -0.0606 -0.0724 -0.0700 0.4316 0.3930 0.3972 0.5186 0.2507 0.2373 0.2503 0.2907 -1
-0.4316 0.5840 0.5605 0.3532 0.2975 0.2482 0.1553 0.3262 0.4316 0.9563 0.9324 0.6212 0.6198 0.5460 0.4781 0.6868 -1
-0.4316 0.7679 0.7295 0.6608 0.3351 0.3419 0.2423 0.3432 0.4316 1.1402 1.1015 0.9289 0.6574 0.6398 0.5651 0.7039 -1
0.5684 0.2506 0.2366 0.5326 0.1348 -0.0095 0.0351 0.0805 1.4316 0.6229 0.6085 0.8007 0.4571 0.2884 0.3579 0.4411 -1
0.5684 0.5150 0.5183 0.5070 0.2105 0.1121 0.1504 0.3713 1.4316 0.8873 0.8902 0.7751 0.5328 0.4099 0.4732 0.7320 -1
-0.4316 0.6185 0.5887 0.5583 0.3272 0.2751 0.2326 0.4124 0.4316 0.9907 0.9606 0.8263 0.6495 0.5730 0.5553 0.7731 -1
-0.4316 0.7334 0.7295 0.7121 0.5345 0.5345 0.3000 0.6211 0.4316 1.1057 1.1015 0.9802 0.8568 0.8323 0.6228 0.9817 -1
-0.4316 0.5840 0.5464 0.6865 0.4056 0.4199 0.3117 0.4054 0.4316 0.9563 0.9184 0.9545 0.7279 0.7178 0.6345 0.7661 -1
0.5684 0.3656 0.3492 0.4044 0.1026 0.0896 0.1006 0.0092 1.4316 0.7379 0.7212 0.6725 0.4249 0.3875 0.4234 0.3699 -1
0.5684 0.1932 0.1661 0.3275 -0.0356 -0.0581 -0.0568 0.0102 1.4316 0.5655 0.5381 0.5956 0.2867 0.2398 0.2660 0.3709 -1
0.5684 0.2966 0.2507 0.4044 0.0439 0.0378 0.0449 0.0303 1.4316 0.6689 0.6226 0.6725 0.3662 0.3357 0.3676 0.3910 -1
0.5684 0.3311 0.4619 0.4814 0.1101 0.0560 0.0986 0.2108 1.4316 0.7034 0.8339 0.7494 0.4324 0.3539 0.4214 0.5715 -1
-0.4316 0.6414 0.5887 0.7378 0.4359 0.4262 0.3587 0.4235 0.4316 1.0137 0.9606 1.0058 0.7583 0.7240 0.6814 0.7841 -1
0.5684 0.5495 0.5042 0.6352 0.2594 0.2245 0.2541 0.2750 1.4316 0.9218 0.8761 0.9033 0.5817 0.5224 0.5768 0.6357 -1
0.0684 0.1702 0.1943 0.3532 -0.0254 -0.0377 -0.0695 0.0203 0.9316 0.5425 0.5662 0.6212 0.2969 0.2601 0.2533 0.3809 -1
0.5684 0.6299 0.5464 0.5583 0.3362 0.2838 0.3156 0.4014 1.4316 1.0022 0.9184 0.8263 0.6585 0.5817 0.6384 0.7621 -1
0.5684 0.5265 0.5042 0.6352 0.2626 0.2295 0.2521 0.2911 1.4316 0.8988 0.8761 0.9033 0.5849 0.5274 0.5749 0.6517 -1
-0.4316 0.4345 0.4619 0.6096 0.2209 0.1867 0.1856 0.2891 0.4316 0.8068 0.8339 0.8776 0.5432 0.4846 0.5084 0.6497 -1
-0.4316 0.4575 0.4197 0.7634 0.2440 0.1822 0.1856 0.2710 0.4316 0.8298 0.7916 1.0315 0.5663 0.4801 0.5084 0.6317 -1
0.0684 0.2966 0.2929 0.4044 0.0260 -0.0091 -0.0069 0.0975 0.9316 0.6689 0.6648 0.6725 0.3483 0.2888 0.3158 0.4582 -1
0.5684 0.3081 0.3211 0.3532 0.0659 0.0643 0.0937 0.0905 1.4316 0.6804 0.6930 0.6212 0.3882 0.3622 0.4165 0.4511 -1
0.0684 0.3771 0.3352 0.4557 0.0580 0.0336 0.0204 0.1356 0.9316 0.7494 0.7071 0.7238 0.3803 0.3315 0.3432 0.4963 -1
0.5684 0.5035 0.5183 0.6352 0.2707 0.1884 0.2580 0.3603 1.4316 0.8758 0.8902 0.9033 0.5931 0.4863 0.5807 0.7210 -1
0.0684 0.3081 0.2647 0.4301 0.0528 0.0145 -0.0294 0.1607 0.9316 0.6804 0.6367 0.6981 0.3751 0.3124 0.2933 0.5214 -1
0.5684 0.5610 0.5183 0.6865 0.3374 0.3121 0.2912 0.3633 1.4316 0.9333 0.8902 0.9545 0.6597 0.6099 0.6140 0.7240 -1
0.0684 0.3196 0.3070 0.5326 0.0444 0.0029 0.0605 0.0945 0.9316 0.6919 0.6789 0.8007 0.3667 0.3008 0.3833 0.4552 -1
-0.4316 0.7334 0.6732 0.6608 0.4867 0.4706 0.4623 0.4807 0.4316 1.1057 1.0451 0.9289 0.8090 0.7684 0.7850 0.8413 -1
0.0684 0.2391 0.1380 0.3275 -0.0118 -0.0203 -0.0627 0.0333 0.9316 0.6114 0.5099 0.5956 0.3105 0.2776 0.2601 0.3940 -1
-0.4316 0.4345 0.4197 0.5839 0.2225 0.1693 0.2951 0.2510 0.4316 0.8068 0.7916 0.8520 0.5448 0.4672 0.6179 0.6116 -1
0.0684 0.3311 0.3070 0.4814 0.0709 0.0647 0.0185 0.1115 0.9316 0.7034 0.6789 0.7494 0.3932 0.3626 0.3412 0.4722 -1
0.0684 0.4690 0.4478 0.4301 0.1361 0.0830 0.1485 0.2108 0.9316 0.8413 0.8198 0.6981 0.4585 0.3809 0.4713 0.5715 -1
-0.4316 0.4575 0.4338 0.5583 0.2336 0.2295 0.1426 0.2419 0.4316 0.8298 0.8057 0.8263 0.5559 0.5274 0.4654 0.6026 -1
0.5684 0.5150 0.4056 0.6096 0.2617 0.1643 0.2189 0.3613 1.4316 0.8873 0.7775 0.8776 0.5840 0.4622 0.5416 0.7220 -1
-0.4316 0.1357 0.1661 0.2506 -0.0374 -0.0581 -0.0451 -0.0198 0.4316 0.5080 0.5381 0.5186 0.2849 0.2398 0.2777 0.3408 -1
-0.4316 0.5955 0.6028 0.7890 0.3745 0.2394 0.4271 0.4917 0.4316 0.9678 0.9747 1.0571 0.6968 0.5373 0.7498 0.8523 -1
-0.4316 0.4460 0.4197 0.4814 0.1588 0.1374 0.1201 0.2169 0.4316 0.8183 0.7916 0.7494 0.4811 0.4353 0.4429 0.5775 -1
0.5684 0.4460 0.3915 0.4557 0.1380 0.1013 0.1495 0.1667 1.4316 0.8183 0.7634 0.7238 0.4603 0.3992 0.4722 0.5274 -1
0.0684 0.3656 0.3492 0.3532 0.0430 0.0208 0.0224 0.1186 0.9316 0.7379 0.7212 0.6212 0.3653 0.3187 0.3452 0.4792 -1
0.5684 0.3311 0.2929 0.4044 0.0754 0.0477 0.0478 0.0845 1.4316 0.7034 0.6648 0.6725 0.3977 0.3456 0.3706 0.4451 -1
0.5684 0.4690 0.5183 0.5326 0.1710 0.1154 0.1192 0.2790 1.4316 0.8413 0.8902 0.8007 0.4934 0.4133 0.4419 0.6397 -1
0.0684 -0.0827 -0.1015 0.2249 -0.1365 -0.1299 -0.1399 -0.1502 0.9316 0.2896 0.2705 0.4930 0.1859 0.1680 0.1829 0.2104 -1
-0.4316 0.4690 0.4760 0.6096 0.2825 0.2577 0.2130 0.2389 0.4316 0.8413 0.8479 0.8776 0.6048 0.5556 0.5358 0.5996 -1
0.0684 0.6759 0.5887 0.6608 0.3707 0.3121 0.3499 0.4606 0.9316 1.0482 0.9606 0.9289 0.6930 0.6099 0.6726 0.8213 -1
0.5684 0.6299 0.5323 0.5583 0.3229 0.3137 0.2883 0.3111 1.4316 1.0022 0.9043 0.8263 0.6452 0.6116 0.6110 0.6718 -1
-0.4316 0.5725 0.5605 0.6096 0.2612 0.2204 0.2580 0.2861 0.4316 0.9448 0.9324 0.8776 0.5835 0.5182 0.5807 0.6467 -1
0.5684 0.5955 0.4619 0.5583 0.2954 0.2104 0.3176 0.3513 1.4316 0.9678 0.8339 0.8263 0.6178 0.5083 0.6404 0.7119 -1
0.0684 0.4345 0.4338 0.6352 0.1597 0.0979 0.1309 0.2991 0.9316 0.8068 0.8057 0.9033 0.4820 0.3958 0.4537 0.6598 -1
0.5684 0.5840 0.5746 0.5839 0.2472 0.1930 0.1612 0.4215 1.4316 0.9563 0.9465 0.8520 0.5695 0.4909 0.4840 0.7821 -1
0.0684 0.1932 0.1802 0.3275 -0.0488 -0.0743 -0.0695 0.0102 0.9316 0.5655 0.5522 0.5956 0.2736 0.2236 0.2533 0.3709 -1
-0.4316 0.6070 0.5605 0.6608 0.3544 0.2581 0.3020 0.5017 0.4316 0.9793 0.9324 0.9289 0.6767 0.5560 0.6247 0.8624 -1
0.5684 0.4805 0.4338 0.4814 0.1516 0.1245 0.1553 0.1808 1.4316 0.8528 0.8057 0.7494 0.4739 0.4224 0.4781 0.5414 -1
0.0684 0.1932 0.1661 0.4557 -0.0032 -0.0104 -0.0734 0.0403 0.9316 0.5655 0.5381 0.7238 0.3191 0.2875 0.2494 0.4010 -1
0.0684 0.1587 0.0394 0.3788 -0.0456 -0.0543 -0.0411 -0.0399 0.9316 0.5310 0.4113 0.6468 0.2767 0.2435 0.2816 0.3208 -1
0.0684 0.3196 0.4619 0.4814 0.0933 0.0498 0.0820 0.1477 0.9316 0.6919 0.8339 0.7494 0.4156 0.3477 0.4048 0.5083 -1
0.5684 0.2851 0.2929 0.4301 0.0281 0.0083 0.0439 0.0504 1.4316 0.6574 0.6648 0.6981 0.3504 0.3062 0.3667 0.4110 -1
-0.4316 0.5380 0.5042 0.6352 0.3163 0.3183 0.2257 0.3252 0.4316 0.9103 0.8761 0.9033 0.6386 0.6162 0.5485 0.6858 -1
-0.4316 0.6070 0.5887 0.6352 0.4441 0.3963 0.2980 0.5218 0.4316 0.9793 0.9606 0.9033 0.7664 0.6942 0.6208 0.8824 -1
-0.4316 0.1012 0.0957 0.3788 -0.0608 -0.0722 -0.0695 -0.0399 0.4316 0.4735 0.4677 0.6468 0.2615 0.2257 0.2533 0.3208 -1
-0.4316 0.4116 0.3774 0.5326 0.1439 0.0577 0.0742 0.2710 0.4316 0.7838 0.7493 0.8007 0.4662 0.3556 0.3970 0.6317 -1
0.0684 0.3541 0.3070 0.4301 0.0983 0.1174 0.0517 0.0684 0.9316 0.7264 0.6789 0.6981 0.4206 0.4153 0.3745 0.4291 -1
-0.4316 0.6185 0.5183 0.6865 0.3059 0.2150 0.4476 0.3172 0.4316 0.9907 0.8902 0.9545 0.6282 0.5128 0.7704 0.6778 -1
-0.4316 0.4345 0.4056 0.5583 0.1776 0.2058 0.1397 0.1075 0.4316 0.8068 0.7775 0.8263 0.4999 0.5037 0.4625 0.4682 -1
-0.4316 0.4690 0.4056 0.5839 0.1894 0.1527 0.2355 0.2008 0.4316 0.8413 0.7775 0.8520 0.5117 0.4506 0.5583 0.5615 -1
0.5684 0.5955 0.5605 0.5583 0.3245 0.2963 0.2834 0.3412 1.4316 0.9678 0.9324 0.8263 0.6468 0.5942 0.6062 0.7019 -1
-0.4316 0.1587 0.1661 0.4301 -0.0345 -0.0435 -0.0959 -0.0018 0.4316 0.5310 0.5381 0.6981 0.2878 0.2543 0.2269 0.3589 -1
0.0684 0.2506 0.1802 0.4301 0.0065 0.0091 -0.0558 0.0403 0.9316 0.6229 0.5522 0.6981 0.3288 0.3070 0.2670 0.4010 -1
-0.4316 0.6529 0.6450 0.8147 0.4840 0.4029 0.3948 0.6742 0.4316 1.0252 1.0170 1.0827 0.8063 0.7008 0.7176 1.0349 -1
0.5684 0.5265 0.4478 0.5326 0.1801 0.1701 0.0840 0.2209 1.4316 0.8988 0.8198 0.8007 0.5024 0.4680 0.4067 0.5815 -1
0.5684 0.5495 0.5042 0.5839 0.2506 0.2237 0.2062 0.2981 1.4316 0.9218 0.8761 0.8520 0.5729 0.5216 0.5289 0.6588 -1
0.5684 0.2966 0.3211 0.5070 0.0616 0.0112 0.0458 0.1507 1.4316 0.6689 0.6930 0.7751 0.3839 0.3091 0.3686 0.5113 -1
0.0684 0.5495 0.4901 0.5583 0.2180 0.1843 0.1182 0.3132 0.9316 0.9218 0.8620 0.8263 0.5403 0.4821 0.4410 0.6738 -1
0.5684 0.4690 0.4901 0.4044 0.2601 0.2394 0.2081 0.2108 1.4316 0.8413 0.8620 0.6725 0.5824 0.5373 0.5309 0.5715 -1
-0.4316 0.6414 0.5746 0.6096 0.3766 0.2901 0.4290 0.4516 0.4316 1.0137 0.9465 0.8776 0.6989 0.5879 0.7518 0.8122 -1
0.0684 -0.1747 -0.1860 0.1993 -0.1612 -0.1485 -0.1565 -0.1803 0.9316 0.1976 0.1860 0.4674 0.1612 0.1494 0.1663 0.1803 -1
-0.4316 0.4805 0.4478 0.7890 0.1572 0.1461 0.1192 0.1908 0.4316 0.8528 0.8198 1.0571 0.4795 0.4440 0.4419 0.5514 -1
0.0684 0.4230 0.4478 0.6865 0.1171 0.0635 0.1241 0.1808 0.9316 0.7953 0.8198 0.9545 0.4394 0.3614 0.4468 0.5414 -1
-0.4316 0.5840 0.6309 0.6096 0.3555 0.2855 0.4183 0.3834 0.4316 0.9563 1.0029 0.8776 0.6778 0.5834 0.7411 0.7440 -1
-0.4316 0.5725 0.5323 0.6865 0.2542 0.1963 0.2159 0.3412 0.4316 0.9448 0.9043 0.9545 0.5765 0.4942 0.5387 0.7019 -1
0.5684 0.4575 0.4478 0.4814 0.2449 0.2643 0.1798 0.2409 1.4316 0.8298 0.8198 0.7494 0.5672 0.5622 0.5025 0.6016 -1
0.0684 0.2966 0.2084 0.4301 0.0219 0.0013 -0.0177 0.0694 0.9316 0.6689 0.5803 0.6981 0.3443 0.2992 0.3051 0.4301 -1
-0.4316 0.4920 0.4478 0.5326 0.2284 0.2133 0.2541 0.1808 0.4316 0.8643 0.8198 0.8007 0.5507 0.5112 0.5768 0.5414 -1
0.0684 0.4575 0.3633 0.4557 0.1337 0.1046 0.0752 0.2139 0.9316 0.8298 0.7353 0.7238 0.4560 0.4025 0.3979 0.5745 -1
0.0684 0.4460 0.3633 0.5839 0.1194 0.0685 0.1446 0.2028 0.9316 0.8183 0.7353 0.8520 0.4417 0.3664 0.4673 0.5635 -1
-0.4316 0.3311 0.2788 0.4557 0.0435 -0.0249 0.0351 0.1095 0.4316 0.7034 0.6508 0.7238 0.3658 0.2730 0.3579 0.4702 -1
0.5684 0.2391 0.1802 0.4301 -0.0077 -0.0344 -0.0099 0.0303 1.4316 0.6114 0.5522 0.6981 0.3146 0.2635 0.3129 0.3910 -1
0.5684 -0.0827 -0.0733 0.2762 -0.1278 -0.1228 -0.1457 -0.1201 1.4316 0.2896 0.2986 0.5443 0.1945 0.1751 0.1770 0.2405 -1
0.5684 0.6299 0.6309 0.6096 0.3195 0.2311 0.3890 0.4114 1.4316 1.0022 1.0029 0.8776 0.6418 0.5290 0.7117 0.7721 -1
0.5684 0.4230 0.4197 0.5070 0.1772 0.1490 0.0859 0.2510 1.4316 0.7953 0.7916 0.7751 0.4995 0.4469 0.4087 0.6116 -1
0.5684 0.1587 0.2366 0.4557 0.0034 -0.0012 -0.0304 0.0504 1.4316 0.5310 0.6085 0.7238 0.3257 0.2967 0.2924 0.4110 -1
0.5684 0.0207 -0.0029 0.4044 -0.0891 -0.0913 -0.0910 -0.0901 1.4316 0.3930 0.3691 0.6725 0.2332 0.2066 0.2318 0.2706 -1
0.5684 -0.0482 -0.1015 0.1993 -0.1306 -0.1224 -0.1438 -0.1342 1.4316 0.3241 0.2705 0.4674 0.1917 0.1755 0.1790 0.2265 -1
0.0684 0.5380 0.5042 0.5326 0.1463 0.1257 0.2238 0.1808 0.9316 0.9103 0.8761 0.8007 0.4687 0.4236 0.5465 0.5414 -1
-0.4316 0.6299 0.6450 0.7121 0.3650 0.2905 0.4691 0.3753 0.4316 1.0022 1.0170 0.9802 0.6873 0.5884 0.7919 0.7360 -1
-0.4316 0.6759 0.6028 0.6352 0.3940 0.3079 0.4017 0.4616 0.4316 1.0482 0.9747 0.9033 0.7163 0.6058 0.7244 0.8223 -1
0.0684 0.3541 0.2788 0.4044 0.0836 0.0697 0.0683 0.0965 0.9316 0.7264 0.6508 0.6725 0.4059 0.3676 0.3911 0.4572 -1
0.0684 0.4460 0.3915 0.4301 0.0793 0.0448 0.0527 0.1607 0.9316 0.8183 0.7634 0.6981 0.4016 0.3427 0.3755 0.5214 -1
0.0684 0.2621 0.1802 0.3275 0.0083 -0.0083 -0.0314 0.0453 0.9316 0.6344 0.5522 0.5956 0.3307 0.2896 0.2914 0.4060 -1
0.5684 0.3656 0.3352 0.4301 0.1312 0.0984 0.1192 0.1707 1.4316 0.7379 0.7071 0.6981 0.4535 0.3962 0.4419 0.5314 -1
0.5684 0.1242 0.1239 0.3019 -0.0322 -0.0431 -0.0392 0.0102 1.4316 0.4965 0.4958 0.5699 0.2901 0.2548 0.2836 0.3709 -1
0.0684 0.2966 0.2788 0.4557 0.0126 -0.0133 -0.0157 0.0915 0.9316 0.6689 0.6508 0.7238 0.3350 0.2846 0.3070 0.4521 -1
0.5684 0.6185 0.5464 0.6096 0.2386 0.1896 0.2198 0.3081 1.4316 0.9907 0.9184 0.8776 0.5609 0.4875 0.5426 0.6688 -1
0.0684 0.2966 0.2366 0.4044 0.0283 -0.0104 0.0077 0.0805 0.9316 0.6689 0.6085 0.6725 0.3506 0.2875 0.3305 0.4411 -1
-0.4316 0.1932 0.2225 0.3275 0.0059 -0.0095 0.0243 0.0102 0.4316 0.5655 0.5944 0.5956 0.3282 0.2884 0.3471 0.3709 -1
0.5684 0.3081 0.2647 0.3532 0.0795 0.0755 0.0742 0.1105 1.4316 0.6804 0.6367 0.6212 0.4018 0.3734 0.3970 0.4712 -1
-0.4316 0.5840 0.5605 0.5839 0.2880 0.2129 0.3225 0.3603 0.4316 0.9563 0.9324 0.8520 0.6103 0.5108 0.6453 0.7210 -1
0.5684 0.6874 0.6591 0.6608 0.4174 0.4046 0.3723 0.5158 1.4316 1.0597 1.0310 0.9289 0.7397 0.7025 0.6951 0.8764 -1
0.5684 -0.0137 -0.0170 0.2249 -0.1174 -0.1178 -0.1184 -0.1201 1.4316 0.3586 0.3550 0.4930 0.2049 0.1801 0.2044 0.2405 -1
0.5684 0.6414 0.6168 0.7634 0.4815 0.4050 0.5111 0.4917 1.4316 1.0137 0.9888 1.0315 0.8038 0.7029 0.8339 0.8523 -1
0.5684 0.2966 0.1802 0.5070 0.0219 -0.0124 0.0722 0.0203 1.4316 0.6689 0.5522 0.7751 0.3443 0.2855 0.3950 0.3809 -1
0.5684 0.5265 0.5183 0.6865 0.2857 0.2349 0.2814 0.3111 1.4316 0.8988 0.8902 0.9545 0.6080 0.5328 0.6042 0.6718 -1
-0.4316 0.1472 0.2929 0.3275 -0.0526 -0.0759 -0.0275 0.0002 0.4316 0.5195 0.6648 0.5956 0.2697 0.2220 0.2953 0.3609 -1
0.5684 0.2966 0.2084 0.4557 0.0521 0.0677 -0.0069 0.0474 1.4316 0.6689 0.5803 0.7238 0.3744 0.3655 0.3158 0.4080 -1
0.5684 0.6070 0.5887 0.7121 0.3056 0.1768 0.2335 0.5158 1.4316 0.9793 0.9606 0.9802 0.6280 0.4747 0.5563 0.8764 -1
0.0684 0.5725 0.5042 0.5070 0.1708 0.1096 0.0937 0.3312 0.9316 0.9448 0.8761 0.7751 0.4931 0.4074 0.4165 0.6919 -1
-0.4316 0.4460 0.4197 0.5583 0.2281 0.1826 0.2414 0.2379 0.4316 0.8183 0.7916 0.8263 0.5505 0.4805 0.5641 0.5986 -1
-0.4316 0.7564 0.6591 0.7634 0.5289 0.5204 0.3811 0.5408 0.4316 1.1287 1.0310 1.0315 0.8512 0.8182 0.7039 0.9015 -1
0.5684 0.5265 0.5183 0.8403 0.3156 0.2473 0.3430 0.3573 1.4316 0.8988 0.8902 1.1084 0.6379 0.5452 0.6658 0.7179 -1
0.5684 0.5725 0.5887 0.6352 0.3750 0.3386 0.2785 0.3713 1.4316 0.9448 0.9606 0.9033 0.6973 0.6365 0.6013 0.7320 -1
-0.4316 0.2736 0.3070 0.3788 0.0405 0.0237 0.0400 0.0303 0.4316 0.6459 0.6789 0.6468 0.3628 0.3216 0.3628 0.3910 -1
-0.4316 0.8024 0.7295 0.7890 0.7221 0.7004 0.6148 0.7454 0.4316 1.1747 1.1015 1.0571 1.0445 0.9983 0.9375 1.1061 -1
0.5684 0.5380 0.5183 0.5839 0.3088 0.2859 0.2609 0.2911 1.4316 0.9103 0.8902 0.8520 0.6311 0.5838 0.5837 0.6517 -1
0.0684 0.2391 0.2084 0.3788 0.0047 -0.0037 0.0224 0.0072 0.9316 0.6114 0.5803 0.6468 0.3270 0.2942 0.3452 0.3679 -1
-0.4316 0.5495 0.5746 0.6352 0.2737 0.1867 0.3147 0.3753 0.4316 0.9218 0.9465 0.9033 0.5960 0.4846 0.6374 0.7360 -1
0.0684 0.2276 0.1802 0.4044 0.0054 -0.0423 0.0009 0.0052 0.9316 0.5999 0.5522 0.6725 0.3277 0.2556 0.3237 0.3659 -1
0.5684 0.5610 0.5183 0.7634 0.4323 0.4183 0.3772 0.3984 1.4316 0.9333 0.8902 1.0315 0.7546 0.7162 0.7000 0.7591 -1
0.5684 0.4805 0.5042 0.6352 0.2544 0.2594 0.1055 0.2991 1.4316 0.8528 0.8761 0.9033 0.5767 0.5572 0.4282 0.6598 -1
0.5684 0.3196 0.3211 0.4557 0.1078 0.1204 0.0898 0.0805 1.4316 0.6919 0.6930 0.7238 0.4301 0.4182 0.4126 0.4411 -1
0.5684 0.3081 0.2929 0.4301 0.0704 0.0519 0.0849 0.0905 1.4316 0.6804 0.6648 0.6981 0.3927 0.3498 0.4077 0.4511 -1
0.5684 0.8139 0.7295 0.8147 0.4670 0.5361 0.6148 0.7595 1.4316 1.1861 1.1015 1.0827 0.7893 0.8340 0.9375 1.1201 -1
-0.4316 0.5380 0.5183 0.6352 0.2612 0.1706 0.2101 0.4556 0.4316 0.9103 0.8902 0.9033 0.5835 0.4684 0.5328 0.8162 -1
0.5684 0.5725 0.4760 0.6096 0.2134 0.2191 0.1719 0.1968 1.4316 0.9448 0.8479 0.8776 0.5357 0.5170 0.4947 0.5575 -1
0.0684 0.2506 0.2225 0.4301 -0.0025 -0.0402 -0.0167 0.0905 0.9316 0.6229 0.5944 0.6981 0.3198 0.2577 0.3061 0.4511 -1
0.5684 0.4690 0.4478 0.4557 0.1384 0.0751 0.1583 0.1938 1.4316 0.8413 0.8198 0.7238 0.4607 0.3730 0.4810 0.5545 -1
0.0684 0.5035 0.4760 0.4301 0.1248 0.0884 0.0742 0.2169 0.9316 0.8758 0.8479 0.6981 0.4471 0.3863 0.3970 0.5775 -1
0.0684 0.2966 0.2507 0.3532 0.0367 0.0436 -0.0118 0.0403 0.9316 0.6689 0.6226 0.6212 0.3590 0.3415 0.3109 0.4010 -1
0.0684 0.3656 0.2929 0.4557 0.0432 0.0162 0.0058 0.1065 0.9316 0.7379 0.6648 0.7238 0.3656 0.3141 0.3285 0.4672 -1
0.0684 0.3886 0.3774 0.5070 0.1189 0.0768 0.0537 0.2409 0.9316 0.7609 0.7493 0.7751 0.4412 0.3747 0.3764 0.6016 -1
0.0684 0.1127 0.1521 0.3788 -0.0617 -0.0631 -0.0636 -0.0299 0.9316 0.4850 0.5240 0.6468 0.2606 0.2348 0.2591 0.3308 -1
0.5684 0.6414 0.6450 0.5839 0.4026 0.3245 0.3440 0.4716 1.4316 1.0137 1.0170 0.8520 0.7249 0.6224 0.6668 0.8323 -1
0.5684 0.5150 0.5042 0.6352 0.2848 0.2191 0.2355 0.4104 1.4316 0.8873 0.8761 0.9033 0.6071 0.5170 0.5583 0.7711 -1
-0.4316 0.4920 0.4760 0.6352 0.2621 0.2145 0.2697 0.3292 0.4316 0.8643 0.8479 0.9033 0.5845 0.5124 0.5925 0.6899 -1
-0.4316 0.4230 0.3211 0.4044 0.1964 0.1917 0.1641 0.1537 0.4316 0.7953 0.6930 0.6725 0.5187 0.4896 0.4869 0.5143 -1
0.5684 0.6185 0.5887 0.6608 0.4418 0.3440 0.4799 0.4496 1.4316 0.9907 0.9606 0.9289 0.7641 0.6419 0.8026 0.8102 -1
0.0684 0.3311 0.2788 0.4044 0.0387 0.0062 0.0449 0.0985 0.9316 0.7034 0.6508 0.6725 0.3610 0.3041 0.3676 0.4592 -1
0.5684 0.6414 0.5746 0.6096 0.3736 0.2843 0.3909 0.4867 1.4316 1.0137 0.9465 0.8776 0.6959 0.5821 0.7137 0.8473 -1
0.0684 0.4001 0.3070 0.4557 0.0935 0.0838 0.0654 0.1005 0.9316 0.7724 0.6789 0.7238 0.4159 0.3817 0.3882 0.4612 -1
-0.4316 0.3541 0.3633 0.6096 0.1253 0.0390 0.1192 0.2911 0.4316 0.7264 0.7353 0.8776 0.4476 0.3369 0.4419 0.6517 -1
0.5684 0.5955 0.6732 0.7121 0.3625 0.3241 0.2814 0.3713 1.4316 0.9678 1.0451 0.9802 0.6848 0.6220 0.6042 0.7320 -1
-0.4316 0.4460 0.4478 0.6865 0.2402 0.1822 0.2453 0.2700 0.4316 0.8183 0.8198 0.9545 0.5625 0.4801 0.5680 0.6307 -1
0.0684 -0.0367 -0.0592 0.3275 -0.0945 -0.0705 -0.1164 -0.1131 0.9316 0.3356 0.3127 0.5956 0.2278 0.2274 0.2064 0.2475 -1
-0.4316 0.4345 0.4619 0.7634 0.1062 0.0461 0.0331 0.2911 0.4316 0.8068 0.8339 1.0315 0.4285 0.3440 0.3559 0.6517 -1
-0.4316 0.4001 0.3915 0.5070 0.1597 0.1726 0.1133 0.1426 0.4316 0.7724 0.7634 0.7751 0.4820 0.4705 0.4361 0.5033 -1
0.5684 0.4920 0.5042 0.5326 0.2161 0.1452 0.2433 0.2710 1.4316 0.8643 0.8761 0.8007 0.5385 0.4431 0.5661 0.6317 -1
0.5684 0.4690 0.4056 0.5070 0.1658 0.1440 0.1544 0.1848 1.4316 0.8413 0.7775 0.7751 0.4881 0.4419 0.4771 0.5454 -1
0.5684 0.5150 0.5183 0.6352 0.3324 0.3266 0.2570 0.2891 1.4316 0.8873 0.8902 0.9033 0.6547 0.6245 0.5798 0.6497 -1
0.5684 0.3541 0.3070 0.4557 0.0645 0.0316 0.0683 0.1085 1.4316 0.7264 0.6789 0.7238 0.3869 0.3294 0.3911 0.4692 -1
-0.4316 0.5840 0.5605 0.6352 0.2934 0.2071 0.2433 0.3783 0.4316 0.9563 0.9324 0.9033 0.6157 0.5050 0.5661 0.7390 -1
-0.4316 -0.0022 -0.0170 0.3275 -0.0950 -0.0954 -0.1047 -0.0931 0.4316 0.3701 0.3550 0.5956 0.2273 0.2025 0.2181 0.2676 -1
-0.4316 0.2851 0.3352 0.4301 0.1250 0.0896 0.0331 0.1687 0.4316 0.6574 0.7071 0.6981 0.4474 0.3875 0.3559 0.5294 -1
-0.4316 0.4345 0.3915 0.5326 0.1896 0.1345 0.2355 0.2309 0.4316 0.8068 0.7634 0.8007 0.5119 0.4323 0.5583 0.5916 -1
0.5684 0.3656 0.3774 0.4557 0.1008 0.0581 0.0537 0.1808 1.4316 0.7379 0.7493 0.7238 0.4231 0.3560 0.3764 0.5414 -1
0.5684 0.5840 0.5323 0.6096 0.3000 0.2921 0.2003 0.3212 1.4316 0.9563 0.9043 0.8776 0.6223 0.5900 0.5231 0.6818 -1
0.5684 0.3886 0.3211 0.4301 0.1865 0.2108 0.1553 0.1446 1.4316 0.7609 0.6930 0.6981 0.5088 0.5087 0.4781 0.5053 -1
0.0684 0.3541 0.3492 0.4044 0.0528 0.0440 0.0155 0.0794 0.9316 0.7264 0.7212 0.6725 0.3751 0.3419 0.3383 0.4401 -1
-0.4316 0.4805 0.4760 0.6865 0.3106 0.3506 0.2120 0.3523 0.4316 0.8528 0.8479 0.9545 0.6329 0.6485 0.5348 0.7129 -1
0.5684 0.5840 0.5887 0.6608 0.2805 0.1967 0.2110 0.4496 1.4316 0.9563 0.9606 0.9289 0.6028 0.4946 0.5338 0.8102 -1
-0.4316 0.5610 0.5183 0.6608 0.2608 0.2618 0.2619 0.2098 0.4316 0.9333 0.8902 0.9289 0.5831 0.5597 0.5846 0.5705 -1
0.5684 0.5840 0.6309 0.6608 0.3859 0.2863 0.3684 0.4636 1.4316 0.9563 1.0029 0.9289 0.7082 0.5842 0.6912 0.8243 -1
0.5684 0.4001 0.3352 0.5070 0.1167 0.1008 0.0742 0.1647 1.4316 0.7724 0.7071 0.7751 0.4390 0.3987 0.3970 0.5254 -1
0.5684 0.3771 0.4056 0.5583 0.1076 0.0996 0.0634 0.1286 1.4316 0.7494 0.7775 0.8263 0.4299 0.3975 0.3862 0.4893 -1
-0.4316 0.5150 0.4760 0.5070 0.2379 0.1975 0.1905 0.2439 0.4316 0.8873 0.8479 0.7751 0.5602 0.4954 0.5133 0.6046 -1
0.5684 0.4805 0.5605 0.4557 0.2964 0.2975 0.2824 0.2149 1.4316 0.8528 0.9324 0.7238 0.6187 0.5954 0.6052 0.5755 -1
0.0684 0.4116 0.4056 0.4301 0.1185 0.1000 0.0908 0.1527 0.9316 0.7838 0.7775 0.6981 0.4408 0.3979 0.4136 0.5133 -1
0.0684 0.3886 0.3492 0.4814 0.1040 0.0764 0.1211 0.1105 0.9316 0.7609 0.7212 0.7494 0.4263 0.3743 0.4439 0.4712 -1
-0.4316 0.7909 0.7718 0.7121 0.5939 0.5116 0.4720 0.8197 0.4316 1.1632 1.1437 0.9802 0.9162 0.8095 0.7948 1.1803 -1
0.5684 0.2621 0.2225 0.5839 0.2214 0.1589 0.2609 0.2139 1.4316 0.6344 0.5944 0.8520 0.5437 0.4568 0.5837 0.5745 -1
0.0684 0.0667 -0.0733 0.3019 -0.0916 -0.0855 -0.1008 -0.1001 0.9316 0.4390 0.2986 0.5699 0.2307 0.2124 0.2220 0.2606 -1
0.5684 0.5495 0.5042 0.6096 0.2458 0.1838 0.2394 0.3302 1.4316 0.9218 0.8761 0.8776 0.5681 0.4817 0.5622 0.6909 -1
0.0684 0.3541 0.2366 0.4044 0.0688 0.0639 0.0038 0.1206 0.9316 0.7264 0.6085 0.6725 0.3912 0.3618 0.3266 0.4812 -1
0.5684 0.5840 0.5746 0.6865 0.3689 0.2930 0.4007 0.4516 1.4316 0.9563 0.9465 0.9545 0.6912 0.5909 0.7235 0.8122 -1
-0.4316 0.3196 0.2225 0.8660 0.3188 0.2328 0.3518 0.4275 0.4316 0.6919 0.5944 1.1340 0.6411 0.5307 0.6746 0.7882 -1
0.5684 0.4575 0.4760 0.5583 0.2528 0.2606 0.1788 0.2409 1.4316 0.8298 0.8479 0.8263 0.5752 0.5585 0.5016 0.6016 -1
-0.4316 0.4690 0.5183 0.6096 0.1883 0.1104 0.2130 0.2831 0.4316 0.8413 0.8902 0.8776 0.5106 0.4083 0.5358 0.6437 -1
-0.4316 0.5380 0.5042 0.5839 0.2241 0.1374 0.2189 0.4104 0.4316 0.9103 0.8761 0.8520 0.5464 0.4353 0.5416 0.7711 -1
0.5684 0.1242 0.0394 0.3532 -0.0547 -0.0452 -0.0480 -0.0650 1.4316 0.4965 0.4113 0.6212 0.2677 0.2527 0.2748 0.2957 -1
0.5684 0.3886 0.3633 0.4044 0.1504 0.1365 0.0654 0.1878 1.4316 0.7609 0.7353 0.6725 0.4727 0.4344 0.3882 0.5484 -1
0.5684 0.6414 0.6591 0.7378 0.3924 0.2975 0.3244 0.5148 1.4316 1.0137 1.0310 1.0058 0.7147 0.5954 0.6472 0.8754 -1
-0.4316 0.3541 0.3774 0.6096 0.1613 0.1054 0.1983 0.2309 0.4316 0.7264 0.7493 0.8776 0.4836 0.4033 0.5211 0.5916 -1
-0.4316 0.5265 0.4478 0.5583 0.2189 0.1743 0.2159 0.2961 0.4316 0.8988 0.8198 0.8263 0.5412 0.4722 0.5387 0.6568 -1
-0.4316 0.5380 0.6309 0.6608 0.3668 0.3091 0.3567 0.4044 0.4316 0.9103 1.0029 0.9289 0.6891 0.6070 0.6795 0.7651 -1
-0.4316 0.6529 0.5605 0.6096 0.3283 0.2639 0.2922 0.3864 0.4316 1.0252 0.9324 0.8776 0.6506 0.5618 0.6150 0.7470 -1
0.0684 -0.0252 -0.0451 0.2249 -0.1278 -0.1270 -0.1379 -0.1201 0.9316 0.3471 0.3268 0.4930 0.1945 0.1709 0.1848 0.2405 -1
0.5684 0.4460 0.4338 0.5326 0.2021 0.1718 0.1954 0.2359 1.4316 0.8183 0.8057 0.8007 0.5244 0.4697 0.5182 0.5966 -1
0.5684 0.5610 0.5323 0.6865 0.2893 0.1813 0.4056 0.3412 1.4316 0.9333 0.9043 0.9545 0.6116 0.4792 0.7283 0.7019 -1
0.0684 0.3311 0.2929 0.4301 0.0457 0.0075 -0.0089 0.1206 0.9316 0.7034 0.6648 0.6981 0.3680 0.3054 0.3139 0.4812 -1
-0.4316 0.6989 0.6732 0.7890 0.4618 0.3257 0.5141 0.5920 0.4316 1.0712 1.0451 1.0571 0.7841 0.6236 0.8368 0.9526 -1
-0.4316 -0.0022 -0.0029 0.3788 -0.1041 -0.0967 -0.1076 -0.1101 0.4316 0.3701 0.3691 0.6468 0.2183 0.2012 0.2151 0.2505 -1
-0.4316 0.2621 0.2788 0.3019 0.0349 -0.0050 0.0067 0.1105 0.4316 0.6344 0.6508 0.5699 0.3572 0.2929 0.3295 0.4712 -1
-0.4316 0.5840 0.5323 0.8147 0.3825 0.3154 0.3782 0.4516 0.4316 0.9563 0.9043 1.0827 0.7048 0.6133 0.7010 0.8122 -1
0.0684 0.4116 0.3774 0.4814 0.1137 0.0872 0.0830 0.1707 0.9316 0.7838 0.7493 0.7494 0.4360 0.3850 0.4058 0.5314 -1
-0.4316 0.6989 0.6450 0.6865 0.4597 0.4224 0.3782 0.4817 0.4316 1.0712 1.0170 0.9545 0.7820 0.7203 0.7010 0.8423 -1
-0.4316 0.5495 0.5887 0.7121 0.4344 0.2415 0.5111 0.4104 0.4316 0.9218 0.9606 0.9802 0.7567 0.5394 0.8339 0.7711 -1
0.5684 0.5840 0.5042 0.6865 0.3170 0.3133 0.2853 0.2831 1.4316 0.9563 0.8761 0.9545 0.6393 0.6112 0.6081 0.6437 -1
0.0684 0.3886 0.3915 0.6608 0.1615 0.1204 0.1358 0.2209 0.9316 0.7609 0.7634 0.9289 0.4838 0.4182 0.4585 0.5815 -1
0.5684 0.2966 0.2507 0.4301 0.0441 0.0345 0.0283 0.0474 1.4316 0.6689 0.6226 0.6981 0.3665 0.3323 0.3510 0.4080 -1
-0.4316 0.3886 0.3633 0.4557 0.1228 0.1166 0.1084 0.1095 0.4316 0.7609 0.7353 0.7238 0.4451 0.4145 0.4312 0.4702 -1
-0.4316 0.6185 0.6591 0.6865 0.4090 0.3473 0.3899 0.4817 0.4316 0.9907 1.0310 0.9545 0.7313 0.6452 0.7127 0.8423 -1
-0.4316 0.2276 0.2084 0.3275 -0.0268 -0.0535 -0.0167 0.0203 0.4316 0.5999 0.5803 0.5956 0.2955 0.2444 0.3061 0.3809 -1
0.0684 0.3771 0.3070 0.4814 0.0557 0.0515 0.0175 0.0484 0.9316 0.7494 0.6789 0.7494 0.3780 0.3494 0.3403 0.4090 -1
-0.4316 0.6070 0.5605 0.5839 0.3016 0.2075 0.3743 0.3723 0.4316 0.9793 0.9324 0.8520 0.6239 0.5054 0.6971 0.7330 -1
0.5684 0.2391 0.2225 0.4301 0.0136 -0.0091 0.0009 0.0704 1.4316 0.6114 0.5944 0.6981 0.3359 0.2888 0.3237 0.4311 -1
0.5684 0.0322 0.0253 0.2762 -0.1086 -0.1153 -0.1037 -0.0901 1.4316 0.4045 0.3972 0.5443 0.2137 0.1826 0.2191 0.2706 -1
0.0684 0.3081 0.2507 0.4814 0.0267 0.0307 -0.0333 0.0704 0.9316 0.6804 0.6226 0.7494 0.3490 0.3286 0.2894 0.4311 -1
0.5684 0.4805 0.4338 0.6096 0.2286 0.2179 0.1739 0.2811 1.4316 0.8528 0.8057 0.8776 0.5509 0.5157 0.4967 0.6417 -1
0.5684 0.6185 0.5605 0.5839 0.2941 0.2071 0.3068 0.4215 1.4316 0.9907 0.9324 0.8520 0.6164 0.5050 0.6296 0.7821 -1
0.0684 0.1472 0.0816 0.1993 -0.0667 -0.0655 -0.0949 -0.0499 0.9316 0.5195 0.4536 0.4674 0.2556 0.2323 0.2279 0.3107 -1
-0.4316 0.4345 0.4197 0.4814 0.1463 0.1017 0.0967 0.2590 0.4316 0.8068 0.7916 0.7494 0.4687 0.3996 0.4194 0.6196 -1
0.5684 0.4460 0.4338 0.5070 0.1615 0.1482 0.0947 0.1898 1.4316 0.8183 0.8057 0.7751 0.4838 0.4460 0.4175 0.5504 -1
0.0684 0.3311 0.3070 0.4301 0.0512 0.0311 0.0107 0.0764 0.9316 0.7034 0.6789 0.6981 0.3735 0.3290 0.3334 0.4371 -1
0.0684 0.3081 0.3774 0.4301 0.0598 0.0145 0.0498 0.1406 0.9316 0.6804 0.7493 0.6981 0.3821 0.3124 0.3725 0.5013 -1
-0.4316 0.1817 0.0957 0.4814 -0.0188 -0.0390 0.0087 -0.0399 0.4316 0.5540 0.4677 0.7494 0.3035 0.2589 0.3315 0.3208 -1
-0.4316 0.5150 0.4619 0.5070 0.1969 0.1345 0.2159 0.2831 0.4316 0.8873 0.8339 0.7751 0.5192 0.4323 0.5387 0.6437 -1
-0.4316 0.4690 0.4901 0.6865 0.2807 0.2042 0.1759 0.4415 0.4316 0.8413 0.8620 0.9545 0.6030 0.5021 0.4986 0.8022 -1
-0.4316 0.3081 0.3070 0.6352 0.1130 0.0332 0.0840 0.2409 0.4316 0.6804 0.6789 0.9033 0.4353 0.3311 0.4067 0.6016 -1
0.0684 0.1357 0.1380 0.4044 -0.0553 -0.0635 -0.0930 -0.0509 0.9316 0.5080 0.5099 0.6725 0.2670 0.2344 0.2298 0.3097 -1
0.5684 0.4805 0.4619 0.7890 0.6252 0.5955 0.6138 0.6241 1.4316 0.8528 0.8339 1.0571 0.9475 0.8933 0.9366 0.9847 -1
-0.4316 0.2621 0.2084 0.4044 0.0494 0.0353 0.0371 0.0905 0.4316 0.6344 0.5803 0.6725 0.3717 0.3332 0.3598 0.4511 -1
-0.4316 0.3656 0.3915 0.5583 0.1185 0.0809 0.1436 0.1326 0.4316 0.7379 0.7634 0.8263 0.4408 0.3788 0.4664 0.4933 -1
0.0684 0.2391 0.2366 0.3532 -0.0107 -0.0377 -0.0255 0.0604 0.9316 0.6114 0.6085 0.6212 0.3116 0.2601 0.2973 0.4211 -1
0.5684 0.0093 -0.0029 0.3019 -0.0923 -0.0913 -0.1086 -0.0901 1.4316 0.3815 0.3691 0.5699 0.2300 0.2066 0.2142 0.2706 -1
0.5684 -0.0712 -0.1015 0.2762 -0.1208 -0.1216 -0.1526 -0.1201 1.4316 0.3011 0.2705 0.5443 0.2015 0.1763 0.1702 0.2405 -1
0.5684 0.3541 0.3633 0.5839 0.1642 0.1664 0.0576 0.1497 1.4316 0.7264 0.7353 0.8520 0.4866 0.4643 0.3803 0.5103 -1
-0.4316 0.4116 0.4197 0.4301 0.1293 0.0851 0.1964 0.2309 0.4316 0.7838 0.7916 0.6981 0.4517 0.3830 0.5192 0.5916 -1
0.5684 0.6414 0.6450 0.6865 0.3562 0.3216 0.3235 0.4135 1.4316 1.0137 1.0170 0.9545 0.6785 0.6195 0.6462 0.7741 -1
-0.4316 0.5380 0.4619 0.5326 0.1733 0.0884 0.1690 0.3412 0.4316 0.9103 0.8339 0.8007 0.4956 0.3863 0.4918 0.7019 -1
0.0684 0.0322 -0.0029 0.2506 -0.0988 -0.0967 -0.1027 -0.1111 0.9316 0.4045 0.3691 0.5186 0.2235 0.2012 0.2200 0.2495 -1
0.5684 0.4920 0.4760 0.5326 0.2057 0.2079 0.1377 0.2108 1.4316 0.8643 0.8479 0.8007 0.5280 0.5058 0.4605 0.5715 -1
0.5684 0.5495 0.5464 0.5326 0.3856 0.4610 0.2218 0.3142 1.4316 0.9218 0.9184 0.8007 0.7079 0.7589 0.5446 0.6748 -1
0.0684 0.4920 0.4760 0.5070 0.1287 0.0818 0.0801 0.2710 0.9316 0.8643 0.8479 0.7751 0.4510 0.3796 0.4028 0.6317 -1
-0.4316 0.5840 0.5464 0.6096 0.3510 0.3017 0.2873 0.4385 0.4316 0.9563 0.9184 0.8776 0.6733 0.5996 0.6101 0.7992 -1
-0.4316 0.3656 0.4197 0.4814 0.1377 0.0710 0.1162 0.1777 0.4316 0.7379 0.7916 0.7494 0.4600 0.3689 0.4390 0.5384 -1
0.0684 0.2966 0.2507 0.4814 0.0519 0.0556 -0.0157 0.0534 0.9316 0.6689 0.6226 0.7494 0.3742 0.3535 0.3070 0.4140 -1
-0.4316 0.4001 0.3352 0.3788 0.0892 0.0519 0.0898 0.1808 0.4316 0.7724 0.7071 0.6468 0.4116 0.3498 0.4126 0.5414 -1
0.0684 0.2506 0.2225 0.4301 0.0290 0.0137 -0.0216 0.0704 0.9316 0.6229 0.5944 0.6981 0.3513 0.3116 0.3012 0.4311 -1
-0.4316 0.4001 0.3915 0.6096 0.1652 0.1386 0.1436 0.2028 0.4316 0.7724 0.7634 0.8776 0.4875 0.4365 0.4664 0.5635 -1
0.5684 0.5035 0.4056 0.6352 0.2252 0.1867 0.2492 0.2108 1.4316 0.8758 0.7775 0.9033 0.5475 0.4846 0.5719 0.5715 -1
-0.4316 0.3771 0.3352 0.4557 0.1065 0.0892 0.0625 0.1557 0.4316 0.7494 0.7071 0.7238 0.4288 0.3871 0.3852 0.5163 -1
0.0684 0.2162 0.1943 0.3275 -0.0125 -0.0062 0.0918 -0.0529 0.9316 0.5884 0.5662 0.5956 0.3098 0.2917 0.4146 0.3077 -1
0.5684 0.4575 0.4056 0.4301 0.1889 0.1291 0.1397 0.2911 1.4316 0.8298 0.7775 0.6981 0.5113 0.4270 0.4625 0.6517 -1
0.5684 0.4230 0.4056 0.5326 0.2216 0.2249 0.1094 0.2179 1.4316 0.7953 0.7775 0.8007 0.5439 0.5228 0.4322 0.5785 -1
-0.4316 0.4345 0.3774 0.4301 0.2050 0.1108 0.1974 0.4114 0.4316 0.8068 0.7493 0.6981 0.5273 0.4087 0.5201 0.7721 -1
0.5684 0.3081 0.2788 0.4044 0.0786 0.0863 0.0517 0.0744 1.4316 0.6804 0.6508 0.6725 0.4009 0.3842 0.3745 0.4351 -1
0.5684 0.0667 0.0394 0.4557 -0.0843 -0.1091 -0.0871 -0.0499 1.4316 0.4390 0.4113 0.7238 0.2380 0.1888 0.2357 0.3107 -1
0.5684 0.5610 0.5042 0.5583 0.2755 0.2241 0.3342 0.2780 1.4316 0.9333 0.8761 0.8263 0.5978 0.5220 0.6570 0.6387 -1
0.0684 0.3656 0.3774 0.4557 0.1305 0.1589 0.0165 0.1607 0.9316 0.7379 0.7493 0.7238 0.4528 0.4568 0.3393 0.5214 -1
0.0684 0.4001 0.3915 0.5070 0.0940 0.0282 0.0556 0.2409 0.9316 0.7724 0.7634 0.7751 0.4163 0.3261 0.3784 0.6016 -1
0.5684 0.5495 0.5042 0.6608 0.2896 0.2448 0.2511 0.3613 1.4316 0.9218 0.8761 0.9289 0.6119 0.5427 0.5739 0.7220 -1
0.5684 0.5265 0.4901 0.8147 0.3532 0.3428 0.1690 0.4556 1.4316 0.8988 0.8620 1.0827 0.6755 0.6406 0.4918 0.8162 -1
0.5684 0.4460 0.4478 0.6096 0.1883 0.1556 0.1622 0.2329 1.4316 0.8183 0.8198 0.8776 0.5106 0.4535 0.4849 0.5936 -1
-0.4316 0.3656 0.3211 0.4557 0.0707 0.0299 0.0869 0.1105 0.4316 0.7379 0.6930 0.7238 0.3930 0.3278 0.4097 0.4712 -1
0.5684 0.0667 -0.0029 0.3788 -0.0907 -0.0962 -0.1066 -0.1101 1.4316 0.4390 0.3691 0.6468 0.2316 0.2016 0.2161 0.2505 -1
0.5684 0.6070 0.5887 0.7121 0.3680 0.3042 0.3078 0.4817 1.4316 0.9793 0.9606 0.9802 0.6903 0.6021 0.6306 0.8423 -1
0.5684 0.3426 0.3070 0.3275 0.1778 0.1859 0.0967 0.1376 1.4316 0.7149 0.6789 0.5956 0.5002 0.4838 0.4194 0.4983 -1
-0.4316 0.5610 0.5183 0.5326 0.2143 0.1361 0.1622 0.3814 0.4316 0.9333 0.8902 0.8007 0.5366 0.4340 0.4849 0.7420 -1
-0.4316 0.4116 0.5042 0.5583 0.1892 0.1241 0.1407 0.3212 0.4316 0.7838 0.8761 0.8263 0.5115 0.4220 0.4634 0.6818 -1
0.0684 0.2391 0.1802 0.4301 0.0031 -0.0099 -0.0030 0.0243 0.9316 0.6114 0.5522 0.6981 0.3254 0.2879 0.3197 0.3849 -1
0.0684 0.5840 0.5464 0.5583 0.2558 0.1747 0.3411 0.2971 0.9316 0.9563 0.9184 0.8263 0.5781 0.4726 0.6638 0.6578 -1
0.0684 0.1932 0.2225 0.4301 -0.0211 -0.0220 0.0283 0.0303 0.9316 0.5655 0.5944 0.6981 0.3012 0.2759 0.3510 0.3910 -1
-0.4316 0.6185 0.6028 0.6865 0.3802 0.3245 0.3714 0.4044 0.4316 0.9907 0.9747 0.9545 0.7025 0.6224 0.6941 0.7651 -1
0.5684 0.1242 0.0957 0.4044 -0.0472 -0.0709 -0.0108 -0.0499 1.4316 0.4965 0.4677 0.6725 0.2751 0.2270 0.3119 0.3107 -1
0.5684 0.5380 0.4619 0.6096 0.2828 0.1606 0.3704 0.3914 1.4316 0.9103 0.8339 0.8776 0.6051 0.4585 0.6932 0.7520 -1
-0.4316 0.1587 0.1380 0.5070 0.0011 -0.0344 -0.0069 0.0604 0.4316 0.5310 0.5099 0.7751 0.3234 0.2635 0.3158 0.4211 -1
0.0684 0.2047 0.1661 0.3532 -0.0386 -0.0489 -0.0499 -0.0098 0.9316 0.5770 0.5381 0.6212 0.2837 0.2489 0.2728 0.3508 -1
0.5684 0.2966 0.3633 0.4814 0.0892 0.0618 0.0576 0.1537 1.4316 0.6689 0.7353 0.7494 0.4116 0.3597 0.3803 0.5143 -1
-0.4316 0.4116 0.3915 0.5070 0.1060 0.0241 0.1446 0.1908 0.4316 0.7838 0.7634 0.7751 0.4283 0.3220 0.4673 0.5514 -1
-0.4316 0.6185 0.6309 0.8403 0.4776 0.3618 0.4349 0.5469 0.4316 0.9907 1.0029 1.1084 0.8000 0.6597 0.7577 0.9075 -1
-0.4316 0.1817 0.1943 0.3275 -0.0037 -0.0199 -0.0363 0.0383 0.4316 0.5540 0.5662 0.5956 0.3186 0.2780 0.2865 0.3990 -1
-0.4316 0.4575 0.3915 0.6096 0.1502 0.1328 0.0918 0.1978 0.4316 0.8298 0.7634 0.8776 0.4725 0.4307 0.4146 0.5585 -1
0.0684 0.3426 0.3352 0.5326 0.0754 0.0573 0.0928 0.0704 0.9316 0.7149 0.7071 0.8007 0.3977 0.3552 0.4155 0.4311 -1
0.0684 0.5035 0.4478 0.4301 0.1724 0.1739 0.0771 0.2309 0.9316 0.8758 0.8198 0.6981 0.4947 0.4718 0.3999 0.5916 -1
0.0684 0.2966 0.2366 0.5326 0.0453 0.0096 0.0498 0.1105 0.9316 0.6689 0.6085 0.8007 0.3676 0.3074 0.3725 0.4712 -1
0.5684 0.3311 0.2225 0.3788 0.0611 0.0946 0.0840 0.0323 1.4316 0.7034 0.5944 0.6468 0.3835 0.3925 0.4067 0.3930 -1
-0.4316 0.2966 0.2225 0.4814 -0.0134 -0.0465 -0.0128 0.0504 0.4316 0.6689 0.5944 0.7494 0.3089 0.2514 0.3100 0.4110 -1
-0.4316 0.6414 0.5183 0.6352 0.4115 0.2926 0.4623 0.3603 0.4316 1.0137 0.8902 0.9033 0.7338 0.5904 0.7850 0.7210 -1
0.5684 0.4116 0.3915 0.5583 0.1790 0.1540 0.1534 0.2369 1.4316 0.7838 0.7634 0.8263 0.5013 0.4518 0.4761 0.5976 -1
0.5684 0.6644 0.6873 0.7634 0.5035 0.3444 0.3616 0.7775 1.4316 1.0367 1.0592 1.0315 0.8258 0.6423 0.6844 1.1382 -1
0.0684 0.4690 0.4338 0.6096 0.1985 0.1847 0.1592 0.2209 0.9316 0.8413 0.8057 0.8776 0.5208 0.4826 0.4820 0.5815 -1
0.5684 -0.0482 -0.0874 0.2506 -0.1290 -0.1270 -0.1389 -0.1292 1.4316 0.3241 0.2846 0.5186 0.1933 0.1709 0.1839 0.2315 -1
0.5684 0.5150 0.4760 0.5070 0.1688 0.1610 0.2218 0.1948 1.4316 0.8873 0.8479 0.7751 0.4911 0.4589 0.5446 0.5555 -1
0.5684 0.1587 0.1661 0.3532 -0.0096 -0.0228 -0.0460 0.0002 1.4316 0.5310 0.5381 0.6212 0.3128 0.2751 0.2767 0.3609 -1
-0.4316 0.4345 0.3352 0.6096 0.1550 0.0950 0.1407 0.2470 0.4316 0.8068 0.7071 0.8776 0.4773 0.3929 0.4634 0.6076 -1
0.5684 0.4230 0.4619 0.4814 0.1620 0.1282 0.1153 0.2108 1.4316 0.7953 0.8339 0.7494 0.4843 0.4261 0.4380 0.5715 -1
-0.4316 0.6070 0.5464 0.6352 0.3693 0.3656 0.2902 0.2841 0.4316 0.9793 0.9184 0.9033 0.6916 0.6635 0.6130 0.6447 -1
0.0684 0.4116 0.3633 0.5839 0.1960 0.2220 0.1338 0.1507 0.9316 0.7838 0.7353 0.8520 0.5183 0.5199 0.4566 0.5113 -1
0.5684 0.4690 0.5323 0.5583 0.2116 0.1726 0.2902 0.2419 1.4316 0.8413 0.9043 0.8263 0.5339 0.4705 0.6130 0.6026 -1
0.5684 0.4460 0.4197 0.4301 0.1461 0.1096 0.1377 0.1707 1.4316 0.8183 0.7916 0.6981 0.4684 0.4074 0.4605 0.5314 -1
0.0684 0.3656 0.3211 0.4044 0.0691 0.0365 0.0703 0.1156 0.9316 0.7379 0.6930 0.6725 0.3914 0.3344 0.3931 0.4762 -1
0.5684 0.5725 0.5042 0.5583 0.3759 0.2984 0.6421 0.3914 1.4316 0.9448 0.8761 0.8263 0.6982 0.5962 0.9649 0.7520 -1
0.0684 0.2621 0.2788 0.4301 0.0505 0.0494 0.0566 -0.0198 0.9316 0.6344 0.6508 0.6981 0.3728 0.3473 0.3794 0.3408 -1
0.5684 0.2047 0.2366 0.5070 0.0140 -0.0294 -0.0148 0.1507 1.4316 0.5770 0.6085 0.7751 0.3363 0.2684 0.3080 0.5113 -1
-0.4316 0.5725 0.5183 0.5583 0.2152 0.1888 0.1456 0.2951 0.4316 0.9448 0.8902 0.8263 0.5375 0.4867 0.4683 0.6558 -1
0.5684 0.3771 0.4056 0.5583 0.1112 0.0345 0.0517 0.2409 1.4316 0.7494 0.7775 0.8263 0.4335 0.3323 0.3745 0.6016 -1
0.5684 0.4805 0.4197 0.6096 0.1586 0.0905 0.1729 0.2379 1.4316 0.8528 0.7916 0.8776 0.4809 0.3884 0.4957 0.5986 -1
0.5684 0.1817 0.1380 0.4557 -0.0490 -0.0556 -0.0636 -0.0499 1.4316 0.5540 0.5099 0.7238 0.2733 0.2423 0.2591 0.3107 -1
0.5684 0.5265 0.4901 0.6352 0.2531 0.2241 0.2120 0.2429 1.4316 0.8988 0.8620 0.9033 0.5754 0.5220 0.5348 0.6036 -1
-0.4316 0.4230 0.3915 0.4814 0.1507 0.1477 0.0996 0.1838 0.4316 0.7953 0.7634 0.7494 0.4730 0.4456 0.4224 0.5444 -1
0.5684 0.5955 0.6028 0.6608 0.2773 0.1942 0.3010 0.3412 1.4316 0.9678 0.9747 0.9289 0.5996 0.4921 0.6238 0.7019 -1
0.5684 0.3656 0.3774 0.5839 0.1409 0.0660 0.1153 0.2600 1.4316 0.7379 0.7493 0.8520 0.4632 0.3639 0.4380 0.6207 -1
-0.4316 0.6070 0.5746 0.6865 0.3315 0.3979 0.3137 0.3874 0.4316 0.9793 0.9465 0.9545 0.6538 0.6958 0.6365 0.7480 -1
0.5684 0.4116 0.3352 0.4557 0.1772 0.1809 0.1944 0.1667 1.4316 0.7838 0.7071 0.7238 0.4995 0.4788 0.5172 0.5274 -1
0.0684 0.4345 0.4619 0.5326 0.2241 0.2652 0.0967 0.2108 0.9316 0.8068 0.8339 0.8007 0.5464 0.5631 0.4194 0.5715 -1
-0.4316 0.5265 0.5183 0.5583 0.2948 0.2884 0.1641 0.3513 0.4316 0.8988 0.8902 0.8263 0.6171 0.5863 0.4869 0.7119 -1
0.0684 0.2162 0.2366 0.4044 -0.0039 -0.0045 0.0136 0.0203 0.9316 0.5884 0.6085 0.6725 0.3184 0.2933 0.3364 0.3809 -1
0.0684 0.5265 0.4338 0.4814 0.1998 0.1805 0.1788 0.2470 0.9316 0.8988 0.8057 0.7494 0.5221 0.4784 0.5016 0.6076 -1
0.5684 0.1587 0.1802 0.4301 -0.0009 -0.0792 -0.0597 0.1206 1.4316 0.5310 0.5522 0.6981 0.3214 0.2187 0.2630 0.4812 -1
0.5684 0.5840 0.5323 0.6096 0.3453 0.3569 0.2941 0.2981 1.4316 0.9563 0.9043 0.8776 0.6676 0.6548 0.6169 0.6588 -1
0.5684 0.4460 0.4619 0.5583 0.2175 0.1901 0.2492 0.2008 1.4316 0.8183 0.8339 0.8263 0.5398 0.4879 0.5719 0.5615 -1
-0.4316 0.5150 0.5042 0.6352 0.2429 0.2187 0.1534 0.3192 0.4316 0.8873 0.8761 0.9033 0.5652 0.5166 0.4761 0.6798 -1
0.5684 0.4690 0.4901 0.5583 0.2721 0.3050 0.1847 0.2169 1.4316 0.8413 0.8620 0.8263 0.5944 0.6029 0.5074 0.5775 -1
-0.4316 0.2162 0.1661 0.3788 -0.0266 -0.0589 -0.0411 0.0092 0.4316 0.5884 0.5381 0.6468 0.2958 0.2390 0.2816 0.3699 -1
0.0684 0.2621 0.2225 0.3788 -0.0102 -0.0323 -0.0304 0.0403 0.9316 0.6344 0.5944 0.6468 0.3121 0.2655 0.2924 0.4010 -1
-0.4316 0.4116 0.3211 0.4301 0.0777 0.0573 0.0488 0.1406 0.4316 0.7838 0.6930 0.6981 0.4000 0.3552 0.3716 0.5013 -1
-0.4316 0.4690 0.4901 0.5070 0.2168 0.1780 0.1358 0.2821 0.4316 0.8413 0.8620 0.7751 0.5391 0.4759 0.4585 0.6427 -1
-0.4316 0.5265 0.5183 0.4814 0.4355 0.2996 0.1544 0.3763 0.4316 0.8988 0.8902 0.7494 0.7578 0.5975 0.4771 0.7370 -1
0.0684 0.2391 0.1239 0.3019 -0.0168 -0.0315 -0.0509 0.0102 0.9316 0.6114 0.4958 0.5699 0.3055 0.2664 0.2718 0.3709 -1
-0.4316 0.4230 0.3915 0.5070 0.1246 0.1038 0.1397 0.1436 0.4316 0.7953 0.7634 0.7751 0.4469 0.4016 0.4625 0.5043 -1
0.5684 0.4690 0.4338 0.6096 0.1629 0.1436 0.1680 0.2189 1.4316 0.8413 0.8057 0.8776 0.4852 0.4415 0.4908 0.5795 -1
0.5684 0.5035 0.4760 0.5070 0.2377 0.2228 0.2042 0.2610 1.4316 0.8758 0.8479 0.7751 0.5600 0.5207 0.5270 0.6217 -1
0.0684 0.4690 0.4338 0.6608 0.1459 0.0996 0.0674 0.2409 0.9316 0.8413 0.8057 0.9289 0.4682 0.3975 0.3901 0.6016 -1
-0.4316 0.5380 0.4619 0.5326 0.2257 0.1996 0.1280 0.2911 0.4316 0.9103 0.8339 0.8007 0.5480 0.4975 0.4507 0.6517 -1
-0.4316 0.1472 0.1239 0.3532 -0.0451 -0.0481 -0.0509 -0.0399 0.4316 0.5195 0.4958 0.6212 0.2772 0.2498 0.2718 0.3208 -1
0.5684 0.5840 0.4619 0.6608 0.2730 0.2224 0.2394 0.3713 1.4316 0.9563 0.8339 0.9289 0.5953 0.5203 0.5622 0.7320 -1
-0.4316 0.3886 0.3774 0.6096 0.2112 0.1162 0.1729 0.3312 0.4316 0.7609 0.7493 0.8776 0.5335 0.4141 0.4957 0.6919 -1
-0.4316 0.5150 0.4619 0.6096 0.2540 0.1863 0.3000 0.3172 0.4316 0.8873 0.8339 0.8776 0.5763 0.4842 0.6228 0.6778 -1
0.5684 0.4690 0.5042 0.5583 0.2261 0.1851 0.1641 0.2931 1.4316 0.8413 0.8761 0.8263 0.5484 0.4830 0.4869 0.6538 -1
0.5684 0.4345 0.4901 0.5326 0.1849 0.0888 0.2110 0.2801 1.4316 0.8068 0.8620 0.8007 0.5072 0.3867 0.5338 0.6407 -1
-0.4316 0.2736 0.2366 0.5583 0.0435 -0.0062 0.0625 0.1206 0.4316 0.6459 0.6085 0.8263 0.3658 0.2917 0.3852 0.4812 -1
-0.4316 0.4690 0.5323 0.6352 0.2712 0.2353 0.1905 0.3533 0.4316 0.8413 0.9043 0.9033 0.5935 0.5332 0.5133 0.7139 -1
0.0684 0.4690 0.4478 0.5326 0.1778 0.1992 0.1328 0.1747 0.9316 0.8413 0.8198 0.8007 0.5002 0.4971 0.4556 0.5354 -1
0.5684 -0.0367 -0.0029 0.2506 -0.0689 -0.0776 -0.0509 -0.0800 1.4316 0.3356 0.3691 0.5186 0.2534 0.2203 0.2718 0.2806 -1
0.5684 0.5035 0.4619 0.6096 0.2766 0.2262 0.2140 0.3252 1.4316 0.8758 0.8339 0.8776 0.5990 0.5240 0.5368 0.6858 -1
0.5684 0.2162 0.1943 0.3275 -0.0220 -0.0460 -0.0099 0.0905 1.4316 0.5884 0.5662 0.5956 0.3003 0.2518 0.3129 0.4511 -1
-0.4316 0.4001 0.3352 0.5070 0.1182 0.1071 0.1280 0.1467 0.4316 0.7724 0.7071 0.7751 0.4406 0.4050 0.4507 0.5073 -1
0.0684 0.1127 0.0394 0.3532 -0.0905 -0.1108 -0.0656 -0.0690 0.9316 0.4850 0.4113 0.6212 0.2319 0.1871 0.2572 0.2917 -1
0.5684 0.4690 0.4338 0.6608 0.2461 0.2668 0.2062 0.1968 1.4316 0.8413 0.8057 0.9289 0.5684 0.5647 0.5289 0.5575 -1
-0.4316 0.4116 0.4338 0.5839 0.2315 0.2627 0.1289 0.1767 0.4316 0.7838 0.8057 0.8520 0.5539 0.5606 0.4517 0.5374 -1
0.5684 0.3196 0.3352 0.5839 0.3639 0.2834 0.3499 0.5007 1.4316 0.6919 0.7071 0.8520 0.6862 0.5813 0.6726 0.8614 -1
0.0684 0.2162 0.1802 0.2506 -0.0213 -0.0224 -0.0744 -0.0048 0.9316 0.5884 0.5522 0.5186 0.3010 0.2755 0.2484 0.3559 -1
0.5684 0.5150 0.4619 0.5583 0.2558 0.2411 0.2120 0.2811 1.4316 0.8873 0.8339 0.8263 0.5781 0.5390 0.5348 0.6417 -1
0.5684 0.5265 0.5042 0.4557 0.2406 0.1623 0.2091 0.3372 1.4316 0.8988 0.8761 0.7238 0.5629 0.4601 0.5319 0.6979 -1
0.5684 0.5495 0.5183 0.5583 0.3002 0.3257 0.2443 0.2309 1.4316 0.9218 0.8902 0.8263 0.6225 0.6236 0.5671 0.5916 -1
-0.4316 0.1702 0.0957 0.4301 -0.0111 -0.0406 0.0009 0.0203 0.4316 0.5425 0.4677 0.6981 0.3112 0.2572 0.3237 0.3809 -1
0.5684 0.5725 0.5605 0.5583 0.3242 0.1934 0.3714 0.4516 1.4316 0.9448 0.9324 0.8263 0.6465 0.4913 0.6941 0.8122 -1
0.5684 0.4690 0.4338 0.5326 0.1665 0.1556 0.1612 0.1808 1.4316 0.8413 0.8057 0.8007 0.4888 0.4535 0.4840 0.5414 -1
0.0684 0.2162 0.2225 0.3788 -0.0327 -0.0631 -0.0363 0.0313 0.9316 0.5884 0.5944 0.6468 0.2896 0.2348 0.2865 0.3920 -1
0.5684 0.1817 0.1802 0.4044 -0.0381 -0.0668 -0.0695 0.0303 1.4316 0.5540 0.5522 0.6725 0.2842 0.2311 0.2533 0.3910 -1
0.5684 0.6414 0.6028 0.7121 0.4484 0.4017 0.4329 0.5017 1.4316 1.0137 0.9747 0.9802 0.7707 0.6996 0.7557 0.8624 -1
-0.4316 0.4690 0.3915 0.5839 0.1432 0.1004 0.1573 0.1808 0.4316 0.8413 0.7634 0.8520 0.4655 0.3983 0.4801 0.5414 -1
0.5684 0.6874 0.6591 0.7890 0.4355 0.3585 0.3039 0.5920 1.4316 1.0597 1.0310 1.0571 0.7578 0.6564 0.6267 0.9526 -1
-0.4316 0.5380 0.5464 0.6096 0.3269 0.1573 0.3430 0.5017 0.4316 0.9103 0.9184 0.8776 0.6493 0.4552 0.6658 0.8624 -1
0.5684 0.4116 0.4056 0.3532 0.1479 0.0946 0.1778 0.1707 1.4316 0.7838 0.7775 0.6212 0.4702 0.3925 0.5006 0.5314 -1
-0.4316 0.4001 0.4338 0.5583 0.1452 0.1046 0.0996 0.1547 0.4316 0.7724 0.8057 0.8263 0.4675 0.4025 0.4224 0.5153 -1
0.5684 0.5035 0.5323 0.6096 0.3546 0.2830 0.3137 0.4114 1.4316 0.8758 0.9043 0.8776 0.6769 0.5809 0.6365 0.7721 -1
-0.4316 0.5035 0.4901 0.5583 0.3043 0.3199 0.2482 0.2439 0.4316 0.8758 0.8620 0.8263 0.6266 0.6178 0.5710 0.6046 -1
-0.4316 0.5150 0.5042 0.5839 0.3163 0.2610 0.3068 0.3613 0.4316 0.8873 0.8761 0.8520 0.6386 0.5589 0.6296 0.7220 -1
0.0684 -0.0137 0.0112 0.2762 -0.1041 -0.0996 -0.1125 -0.1001 0.9316 0.3586 0.3832 0.5443 0.2183 0.1983 0.2103 0.2606 -1
-0.4316 0.4690 0.4338 0.5070 0.2091 0.1303 0.2736 0.3111 0.4316 0.8413 0.8057 0.7751 0.5314 0.4282 0.5964 0.6718 -1
